Name Chair
wood.jpg

112
224

95
(0.62573,0.3784,0.24117)
(0.64,0.64,0.64)
(0.1,0.1,0.1)

v
[[0.25,0,-0.25],
[0.25,0,0.25],[-0.25,0,0.25],[-0.25,0,-0.25],[0.2524,-0.052443,-0.247945],
[0.25,-0.05,0.25],[-0.25,-0.05,0.25],[-0.25,-0.05,-0.25],[0.2,0,0.25],
[0.2,0,-0.25],[0.2,-0.05,0.25],[0.2024,-0.052443,-0.247945],[-0.199996,0,0.25],
[-0.199996,0,-0.25],[-0.199996,-0.05,0.25],[-0.199996,-0.05,-0.25],[-0.159997,0,0.25],
[-0.159997,0,-0.25],[-0.159997,-0.05,0.25],[-0.159997,-0.05,-0.25],[0.25,0,-0.2],
[-0.25,0,-0.2],[0.2524,-0.052443,-0.197945],[-0.25,-0.05,-0.2],[0.2,0,-0.2],
[0.2024,-0.052443,-0.197945],[-0.199996,0,-0.2],[-0.199996,-0.05,-0.2],[-0.159997,0,-0.2],
[-0.159997,-0.05,-0.2],[0.25,0,-0.155],[-0.25,0,-0.155],[0.25,-0.049999,-0.155],
[-0.25,-0.05,-0.155],[0.2,0,-0.155],[0.2,-0.049999,-0.155],[-0.199996,0,-0.155],
[-0.199996,-0.05,-0.155],[-0.159997,0,-0.155],[-0.159997,-0.05,-0.155],[0.25,0,0.20383],
[-0.25,0,0.20383],[0.25,-0.05,0.20383],[-0.25,-0.05,0.20383],[0.2,0,0.20383],
[0.2,-0.05,0.20383],[-0.199996,0,0.20383],[-0.199996,-0.05,0.20383],[-0.159997,0,0.20383],
[-0.159997,-0.05,0.20383],[0.25,0,0.159973],[-0.25,0,0.159973],[0.25,-0.05,0.159973],
[-0.25,-0.05,0.159973],[0.2,0,0.159973],[0.2,-0.05,0.159973],[-0.199996,0,0.159973],
[-0.199996,-0.05,0.159973],[-0.159997,0,0.159973],[-0.159997,-0.05,0.159973],[0.306562,0.437437,0.25],
[0.356562,0.437437,0.25],[0.306562,0.437437,-0.25],[0.356562,0.437437,-0.25],[0.295906,0.393693,-0.25],
[0.345906,0.393693,-0.25],[0.295906,0.393693,-0.2],[0.345906,0.393693,-0.2],[0.295906,0.393693,0.25],
[0.345906,0.393693,0.25],[0.295906,0.393693,0.20383],[0.345906,0.393693,0.20383],[0.25,-0.353841,0.20383],
[0.25,-0.353841,0.25],[0.2,-0.353841,0.25],[0.2,-0.353841,0.20383],[0.2524,-0.356284,-0.247945],
[0.2524,-0.356284,-0.197945],[0.2024,-0.356284,-0.197945],[0.2024,-0.356284,-0.247945],[-0.199996,-0.359146,0.159973],
[-0.159996,-0.359146,0.159973],[-0.159996,-0.359146,0.20383],[-0.199996,-0.359146,0.20383],[-0.199996,-0.359146,-0.155],
[-0.159996,-0.359146,-0.155],[-0.159996,-0.359146,-0.2],[-0.199996,-0.359146,-0.2],[0.225,0,0.25],
[0.225,0,-0.25],[0.225,-0.05,0.25],[0.2274,-0.052443,-0.247945],[0.25,0,-0.225],
[0.2524,-0.052443,-0.222944],[0.2,0,-0.225],[0.2024,-0.052443,-0.222945],[0.225,0,-0.2],
[0.2274,-0.052443,-0.197945],[-0.179996,-0.05,-0.2],[-0.199996,-0.05,-0.1775],[-0.159997,-0.05,-0.1775],
[-0.179996,-0.05,-0.155],[0.25,0,0.226915],[0.25,-0.05,0.226915],[0.2,0,0.226915],
[0.2,-0.05,0.226915],[0.225,0,0.20383],[0.225,-0.05,0.20383],[-0.179997,-0.05,0.20383],
[-0.199996,-0.05,0.181902],[-0.159997,-0.05,0.181902],[-0.179997,-0.05,0.159973]
]

vt
[[0.7975,0.7275],
[0.885,0.7275],[0.885,0.7025],[0.7975,0.7025],[0.9575,0.7275],
[0.9575,0.7025],[0.08,0.7275],[0.71,0.7275],[0.715,0.7025],
[0.08,0.7025],[0.71,0.7025],[0.0075,0.7275],[0.0075,0.7025],
[0.8425,0.7275],[0.9325,0.7275],[0.9325,0.7025],[0.8425,0.7025],
[0.7975,0.0925],[0.7975,0.0025],[0.885,0.0025],[0.885,0.0925],
[0.9575,0.0025],[0.9575,0.0925],[0.765,0.7275],[0.765,0.7025],
[0.84,0.7025],[0.7975,0.89],[0.7975,0.8125],[0.885,0.8125],
[0.885,0.89],[0.08,0.89],[0.08,0.8125],[0.71,0.8125],
[0.71,0.89],[0.9575,0.8125],[0.9575,0.89],[0.0525,0.7275],
[0.135,0.7275],[0.135,0.7025],[0.0525,0.7025],[0.7975,0.175],
[0.885,0.175],[0.9575,0.175],[0.2125,0.7275],[0.2125,0.7025],
[0.7975,0.2525],[0.71,0.2525],[0.885,0.2525],[0.08,0.2525],
[0.08,0.175],[0.71,0.175],[0.9575,0.2525],[0.8775,0.9],
[0.8975,0.92],[0.985,0.92],[0.9675,0.9],[0.09,0.9],
[0.1075,0.92],[0.02,0.92],[0,0.9],[0.71,0.0925],
[0.8025,0.09],[0.8025,0],[0.715,0],[0.715,0.09],
[0.0075,0.175],[0.0075,0.2525],[0.0075,0.8125],[0.0075,0.89],
[0.8975,0.0925],[0.985,0.0925],[0.985,0.98],[0.8975,0.98],
[0.0525,0.92],[0.0525,0.9],[0.135,0.9],[0.8425,0.9],
[0.9325,0.9],[0.9325,0.92],[0.12,0.7775],[0.91,0.7575],
[1,0.7775],[0.8775,0.89],[0.9675,0.89],[0.9675,0.175],
[0.8775,0.175],[0.7525,0.7275],[0.7575,0.7025],[0.8025,0.7025],
[0.7525,0.7025],[0.01,0.7275],[0.005,0.7025],[0.0475,0.7025],
[0.8875,0.7275],[0.8825,0.7025],[0.71,0.935],[0.08,0.98],
[0.71,0.98],[0.0425,0.89],[0.0075,0.98],[0.715,0.9325],
[0.715,0.045],[0.08,0.0925],[0.715,0.8875],[0.7575,0.8875],
[0.8025,0.8875],[0.885,0.85],[0.08,0.85],[0.095,0.7275],
[0.095,0.7025],[0.71,0.135],[0.0425,0.175],[0.0075,0.0925],
[0.92,0.175],[0.7525,0.175],[0.885,0.2125],[0.0425,0.2525],
[0.0425,0.8125],[0.08,0.2125],[0.0525,0.57],[0.135,0.57],
[0.71,0.57],[0.7975,0.57],[0.84,0.57],[0.9275,0.57],
[0.0475,0.57],[0.715,0.57],[0.8025,0.57],[0.9275,0.7025],
[0.0425,0.7025],[0.08,0.5675],[0.0075,0.5675],[0.92,0.7025],
[0.885,0.5675],[0.1725,0.7025],[0.135,0.5675],[0.2125,0.5675],
[0.805,0.7025],[0.765,0.5675],[0.8425,0.5675],[0.7525,0.89]
]

f
[[4,14,16],
[4,16,8],[13,3,7],[13,7,15],[14,18,20],
[14,20,16],[18,10,12],[18,12,20],[9,17,19],
[9,19,11],[17,13,15],[17,15,19],[22,4,8],
[22,8,24],[4,22,27],[4,27,14],[16,28,24],
[16,24,8],[14,27,29],[14,29,18],[21,31,33],
[21,33,23],[32,22,24],[32,24,34],[22,32,37],
[22,37,27],[29,39,35],[29,35,25],[27,37,39],
[27,39,29],[3,42,44],[3,44,7],[42,3,13],
[42,13,47],[48,15,7],[48,7,44],[47,13,17],
[47,17,49],[31,51,53],[31,53,33],[51,41,43],
[51,43,53],[42,52,54],[42,54,44],[52,32,34],
[52,34,54],[33,53,56],[33,56,36],[32,52,57],
[32,57,37],[52,42,47],[52,47,57],[38,58,54],
[38,54,34],[39,59,55],[39,55,35],[59,49,45],
[59,45,55],[37,57,59],[37,59,39],[57,47,49],
[57,49,59],[36,56,60],[36,60,40],[65,63,64],
[65,64,66],[70,62,61],[70,61,69],[73,74,75],
[73,75,76],[77,78,79],[77,79,80],[82,83,84],
[82,84,81],[87,86,85],[87,85,88],[61,62,64],
[61,64,63],[62,70,72],[68,66,64],[62,72,68],
[62,68,64],[61,69,71],[67,65,63],[61,71,67],
[61,67,63],[67,68,72],[67,72,71],[31,21,35],
[31,35,55],[51,31,55],[51,55,45],[10,90,92],
[10,92,12],[90,1,5],[90,5,92],[2,89,91],
[2,91,6],[89,9,11],[89,11,91],[1,93,94],
[1,94,5],[93,21,23],[93,23,94],[95,18,29],
[25,95,29],[95,10,18],[99,16,20],[30,99,20],
[99,28,16],[96,30,20],[12,96,20],[96,26,30],
[98,33,36],[26,98,36],[98,23,33],[100,34,24],
[28,100,24],[100,38,34],[101,26,36],[40,101,36],
[101,30,26],[41,103,104],[41,104,43],[103,2,6],
[103,6,104],[105,49,17],[9,105,17],[105,45,49],
[109,19,15],[48,109,15],[109,50,19],[106,19,50],
[46,106,50],[106,11,19],[108,56,53],[43,108,53],
[108,46,56],[110,44,54],[58,110,54],[110,48,44],
[60,112,102],[60,102,40],[112,58,38],[112,38,102],
[111,56,46],[50,111,46],[111,60,56],[95,67,65],
[10,95,65],[95,25,67],[97,68,67],[25,97,67],
[97,21,68],[93,66,68],[21,93,68],[93,1,66],
[90,65,66],[1,90,66],[90,10,65],[105,69,71],
[45,105,71],[105,9,69],[89,70,69],[9,89,69],
[89,2,70],[103,72,70],[2,103,70],[103,41,72],
[107,71,72],[41,107,72],[107,45,71],[104,74,73],
[43,104,73],[104,6,74],[91,75,74],[6,91,74],
[91,11,75],[106,76,75],[11,106,75],[106,46,76],
[108,73,76],[46,108,76],[108,43,73],[94,78,77],
[5,94,77],[94,23,78],[98,79,78],[23,98,78],
[98,26,79],[96,80,79],[26,96,79],[96,12,80],
[92,77,80],[12,92,80],[92,5,77],[112,82,81],
[58,112,81],[112,60,82],[111,83,82],[60,111,82],
[111,50,83],[110,81,84],[48,110,84],[110,58,81],
[109,84,83],[50,109,83],[109,48,84],[102,85,86],
[40,102,86],[102,38,85],[101,86,87],[30,101,87],
[101,40,86],[100,88,85],[38,100,85],[100,28,88],
[99,87,88],[28,99,88],[99,30,87],[21,97,35],
[97,25,35],[45,107,51],[107,41,51]
]

ft
[[1,2,3],
[1,3,4],[2,1,4],[2,4,3],[2,5,6],
[2,6,3],[7,8,9],[7,9,10],[8,7,10],
[8,10,11],[7,12,13],[7,13,10],[14,15,16],
[14,16,17],[18,19,20],[18,20,21],[21,20,19],
[21,19,18],[21,20,22],[21,22,23],[14,24,25],
[14,25,26],[24,14,17],[24,17,25],[27,28,29],
[27,29,30],[31,32,33],[31,33,34],[30,29,35],
[30,35,36],[37,38,39],[37,39,40],[41,18,21],
[41,21,42],[42,21,18],[42,18,41],[42,21,23],
[42,23,43],[24,44,45],[24,45,25],[44,38,39],
[44,39,45],[38,44,45],[38,45,39],[44,24,25],
[44,25,45],[28,46,47],[28,47,33],[28,46,48],
[28,48,29],[46,41,42],[46,42,48],[29,48,46],
[29,46,28],[32,49,47],[32,47,33],[49,50,51],
[49,51,47],[29,48,52],[29,52,35],[48,42,43],
[48,43,52],[33,47,49],[33,49,32],[53,54,55],
[53,55,56],[57,58,59],[57,59,60],[41,18,61],
[41,61,51],[62,63,64],[62,64,65],[49,50,66],
[49,66,67],[31,32,68],[31,68,69],[70,71,72],
[70,72,73],[74,75,76],[77,78,79],[74,76,77],
[74,77,79],[74,75,76],[77,78,79],[74,76,77],
[80,81,82],[83,84,85],[83,85,86],[28,27,33],
[28,33,47],[46,28,47],[46,47,51],[8,87,88],
[8,88,9],[87,1,89],[87,89,88],[1,87,90],
[1,90,4],[87,8,11],[87,11,90],[37,91,92],
[37,92,93],[94,14,26],[94,26,95],[96,97,31],
[34,96,31],[96,98,97],[99,100,97],[31,99,97],
[99,69,100],[101,31,97],[65,102,103],[101,104,31],
[105,28,33],[104,105,33],[105,106,28],[107,28,27],
[30,107,27],[107,29,28],[108,104,33],[32,108,33],
[108,31,104],[38,109,110],[38,110,39],[109,37,40],
[109,40,110],[111,50,103],[61,111,103],[111,51,50],
[112,103,113],[42,114,21],[112,50,103],[111,103,50],
[51,111,50],[111,61,103],[115,47,46],[41,115,46],
[115,51,47],[116,41,46],[48,116,46],[116,42,41],
[49,117,118],[49,118,32],[117,67,68],[117,68,118],
[119,47,51],[50,119,51],[119,49,47],[94,77,78],
[37,91,75],[94,14,77],[87,56,53],[8,87,53],
[87,1,56],[94,78,77],[14,94,77],[94,15,78],
[87,53,56],[1,87,56],[87,8,53],[109,75,76],
[38,109,76],[109,37,75],[87,56,53],[8,87,53],
[87,1,56],[109,76,75],[37,109,75],[109,38,76],
[87,53,56],[1,87,56],[87,8,53],[110,120,121],
[39,110,121],[110,40,120],[90,122,123],[4,90,123],
[90,11,122],[110,121,120],[40,110,120],[110,39,121],
[90,123,122],[11,90,122],[90,4,123],[95,124,125],
[93,92,126],[95,26,124],[88,127,128],[89,88,128],
[88,9,127],[95,125,124],[26,95,124],[95,129,125],
[88,128,127],[9,88,127],[88,89,128],[130,131,132],
[3,133,134],[130,10,131],[135,136,137],[45,135,137],
[135,39,136],[135,137,136],[39,135,136],[135,45,137],
[130,132,131],[10,130,131],[130,13,132],[130,132,131],
[10,130,131],[130,13,132],[138,139,140],[17,138,140],
[138,25,139],[138,140,139],[25,138,139],[138,17,140],
[130,131,132],[3,133,134],[130,10,131],[27,141,33],
[141,34,33],[51,115,46],[115,41,46]
]

Name Table
wood.jpg

222
440

52
(0.62573,0.3784,0.24117)
(0.64,0.64,0.64)
(0.5,0.5,0.5)

v
[[-0,0,-0],
[-0.115234,0,-0],[-0.230469,0,-0],[-0.345703,0,-0],[-0,0,0.115234],
[-0,0,0.230469],[-0,0,0.345703],[0.115234,0,0],[0.230469,0,0],
[0.345703,0,0],[-0,0,-0.115234],[-0,0,-0.230469],[-0,0,-0.345703],
[-0.113281,0,-0.113281],[-0.226563,0,-0.108398],[-0.339844,0,-0.101563],[-0.108398,0,-0.226562],
[-0.216309,0,-0.216309],[-0.323242,0,-0.201172],[-0.101563,0,-0.339844],[-0.201172,0,-0.323242],
[-0.296875,0,-0.296875],[-0.113281,0,0.113281],[-0.108399,0,0.226562],[-0.101563,0,0.339844],
[-0.226563,0,0.108398],[-0.216309,0,0.216309],[-0.201172,0,0.323242],[-0.339844,0,0.101562],
[-0.323242,0,0.201172],[-0.296875,0,0.296875],[0.113281,0,0.113281],[0.226562,0,0.108398],
[0.339844,0,0.101563],[0.108398,0,0.226562],[0.216309,0,0.216309],[0.323242,0,0.201172],
[0.101562,0,0.339844],[0.201172,0,0.323242],[0.296875,0,0.296875],[0.113281,0,-0.113281],
[0.108398,0,-0.226562],[0.101562,0,-0.339844],[0.226562,0,-0.108398],[0.216309,0,-0.216309],
[0.201172,0,-0.323242],[0.339844,0,-0.101562],[0.323242,0,-0.201172],[0.296875,0,-0.296875],
[0.390625,0,-0.265625],[0.429687,0,-0.183594],[0.453125,0,-0.09375],[0.460937,0,0],
[0.453125,0,0.09375],[0.429687,0,0.183594],[0.390625,0,0.265625],[-0.265625,0,-0.390625],
[-0.183594,0,-0.429688],[-0.09375,0,-0.453125],[0,0,-0.460937],[0.09375,0,-0.453125],
[0.183594,0,-0.429687],[0.265625,0,-0.390625],[-0.390625,0,0.265625],[-0.429688,0,0.183594],
[-0.453125,0,0.09375],[-0.460938,0,-0],[-0.453125,0,-0.09375],[-0.429688,0,-0.183594],
[-0.390625,0,-0.265625],[-0.265625,0,0.390625],[-0.183594,0,0.429687],[-0.09375,0,0.453125],
[-0,0,0.460937],[0.09375,0,0.453125],[0.183594,0,0.429688],[0.265625,0,0.390625],
[-0.335938,0,-0.335938],[0.335937,0,-0.335937],[0.335937,0,0.335938],[-0.335938,0,0.335937],
[-0,-0.05,-0],[-0.115234,-0.05,-0],[-0.230469,-0.05,-0],[-0.345703,-0.05,-0],
[-0,-0.05,0.115234],[-0,-0.05,0.230469],[-0,-0.05,0.345703],[0.115234,-0.05,0],
[0.230469,-0.05,0],[0.345703,-0.05,0],[-0,-0.05,-0.115234],[-0,-0.05,-0.230469],
[-0,-0.05,-0.345703],[-0.113281,-0.05,-0.113281],[-0.226563,-0.05,-0.108398],[-0.339844,-0.05,-0.101563],
[-0.108398,-0.05,-0.226562],[-0.216309,-0.05,-0.216309],[-0.323242,-0.05,-0.201172],[-0.101563,-0.05,-0.339844],
[-0.201172,-0.05,-0.323242],[-0.296875,-0.05,-0.296875],[-0.113281,-0.05,0.113281],[-0.108399,-0.05,0.226562],
[-0.101563,-0.05,0.339844],[-0.226563,-0.05,0.108398],[-0.216309,-0.05,0.216309],[-0.201172,-0.05,0.323242],
[-0.339844,-0.05,0.101562],[-0.323242,-0.05,0.201172],[-0.296875,-0.05,0.296875],[0.113281,-0.05,0.113281],
[0.226562,-0.05,0.108398],[0.339844,-0.05,0.101563],[0.108398,-0.05,0.226562],[0.216309,-0.05,0.216309],
[0.323242,-0.05,0.201172],[0.101562,-0.05,0.339844],[0.201172,-0.05,0.323242],[0.296875,-0.05,0.296875],
[0.113281,-0.05,-0.113281],[0.108398,-0.05,-0.226562],[0.101562,-0.05,-0.339844],[0.226562,-0.05,-0.108398],
[0.216309,-0.05,-0.216309],[0.201172,-0.05,-0.323242],[0.339844,-0.05,-0.101562],[0.323242,-0.05,-0.201172],
[0.296875,-0.05,-0.296875],[0.390625,-0.049998,-0.265625],[0.429687,-0.049998,-0.183594],[0.453125,-0.05,-0.09375],
[0.460937,-0.05,0],[0.453125,-0.05,0.09375],[0.429687,-0.049998,0.183594],[0.390625,-0.05,0.265625],
[-0.265625,-0.049998,-0.390625],[-0.183594,-0.049998,-0.429688],[-0.09375,-0.049998,-0.453125],[0,-0.05,-0.460937],
[0.09375,-0.05,-0.453125],[0.183594,-0.049998,-0.429687],[0.265625,-0.049998,-0.390625],[-0.390625,-0.049998,0.265625],
[-0.429688,-0.049998,0.183594],[-0.453125,-0.05,0.09375],[-0.460938,-0.05,-0],[-0.453125,-0.049998,-0.09375],
[-0.429688,-0.049998,-0.183594],[-0.390625,-0.049998,-0.265625],[-0.265625,-0.049998,0.390625],[-0.183594,-0.049998,0.429687],
[-0.09375,-0.049998,0.453125],[-0,-0.049998,0.460937],[0.09375,-0.05,0.453125],[0.183594,-0.049998,0.429688],
[0.265625,-0.049998,0.390625],[-0.335938,-0.05,-0.335938],[0.335937,-0.05,-0.335937],[0.335937,-0.05,0.335938],
[-0.335938,-0.05,0.335937],[0.226562,-0.086146,-0.108398],[0.216309,-0.086146,-0.216309],[0.108398,-0.086146,-0.226562],
[0.230469,-0.086146,0],[-0,-0.086146,-0.230469],[0.115234,-0.086146,0],[0.113281,-0.086146,-0.113281],
[-0,-0.086146,-0.115234],[0.108398,-0.086146,0.226562],[0.216309,-0.086146,0.216309],[0.226562,-0.086146,0.108398],
[-0,-0.086146,0.230469],[-0,-0.086146,0.115234],[0.113281,-0.086146,0.113281],[-0.226563,-0.086146,0.108398],
[-0.216309,-0.086146,0.216309],[-0.108399,-0.086146,0.226562],[-0.230469,-0.086146,-0],[-0.115234,-0.086146,-0],
[-0.113281,-0.086146,0.113281],[-0.108398,-0.086146,-0.226562],[-0.216309,-0.086146,-0.216309],[-0.226563,-0.086146,-0.108398],
[-0.113281,-0.086146,-0.113281],[0.221435,-0.086146,-0.162353],[0.162353,-0.086146,-0.221436],[0.162353,-0.086146,0.221436],
[0.221435,-0.086146,0.162354],[-0.221436,-0.086146,0.162353],[-0.162354,-0.086146,0.221435],[-0.162354,-0.086146,-0.221436],
[-0.221436,-0.086146,-0.162354],[0.169922,-0.086146,-0.11084],[0.11084,-0.086146,-0.169922],[0.11084,-0.086146,0.169922],
[0.169922,-0.086146,0.11084],[-0.169922,-0.086146,0.11084],[-0.11084,-0.086146,0.169922],[-0.11084,-0.086146,-0.169922],
[-0.169922,-0.086146,-0.11084],[0.166138,-0.086146,-0.166138],[0.166138,-0.086146,0.166138],[-0.166138,-0.086146,0.166138],
[-0.166138,-0.086146,-0.166138],[-0.166138,-0.525924,-0.166138],[-0.221436,-0.525924,-0.162354],[-0.162354,-0.525924,-0.221436],
[-0.162354,-0.525924,0.221435],[-0.166138,-0.525924,0.166138],[-0.221436,-0.525924,0.162353],[0.221435,-0.525924,0.162354],
[0.166138,-0.525924,0.166138],[0.162353,-0.525924,0.221436],[0.162353,-0.525924,-0.221436],[0.166138,-0.525924,-0.166138],
[0.221435,-0.525924,-0.162353],[-0.216309,-0.525924,-0.216309],[-0.216309,-0.525924,0.216309],[0.216309,-0.525924,0.216309],
[0.216309,-0.525924,-0.216309]
]

vt
[[0.6825,0.2675],
[0.7825,0.2675],[0.78,0.3625],[0.6825,0.365],[0.775,0.4575],
[0.6825,0.46],[0.77,0.55],[0.6825,0.555],[0.7625,0.645],
[0.6825,0.6525],[0.88,0.2675],[0.8775,0.3575],[0.8675,0.4475],
[0.855,0.5375],[0.84,0.625],[0.98,0.2675],[0.975,0.3525],
[0.96,0.435],[0.9375,0.515],[0.91,0.5925],[0.1225,0.2675],
[0.2225,0.2675],[0.215,0.3475],[0.1175,0.3525],[0.195,0.42],
[0.105,0.435],[0.1625,0.49],[0.0825,0.515],[0.115,0.5475],
[0.055,0.5925],[0.5875,0.3625],[0.585,0.2675],[0.49,0.3575],
[0.4875,0.2675],[0.3925,0.3525],[0.3875,0.2675],[0.295,0.3475],
[0.29,0.2675],[0.59,0.4575],[0.4975,0.4475],[0.4075,0.435],
[0.315,0.42],[0.5975,0.55],[0.5125,0.5375],[0.43,0.515],
[0.35,0.49],[0.6025,0.645],[0.5275,0.625],[0.455,0.5925],
[0.395,0.5475],[0.5875,0.175],[0.6825,0.1725],[0.59,0.08],
[0.6825,0.0775],[0.6825,0.9075],[0.59,0.91],[0.5975,0.8175],
[0.6825,0.8125],[0.6025,0.7225],[0.6825,0.7175],[0.49,0.1775],
[0.4975,0.09],[0.4975,0.92],[0.5125,0.83],[0.5275,0.7425],
[0.3925,0.185],[0.4075,0.1025],[0.43,0.0225],[0.5125,0],
[0.43,0.8525],[0.455,0.775],[0.295,0.19],[0.315,0.115],
[0.35,0.0475],[0.35,0.8775],[0.395,0.82],[0.78,0.175],
[0.8775,0.1775],[0.975,0.185],[0.1175,0.185],[0.215,0.19],
[0.775,0.08],[0.8675,0.09],[0.96,0.1025],[0.105,0.1025],
[0.195,0.115],[0.77,0.8175],[0.775,0.91],[0.855,0.83],
[0.8675,0.92],[0.855,0],[0.9375,0.0225],[0.0825,0.0225],
[0.1625,0.0475],[0.7625,0.7225],[0.84,0.7425],[0.91,0.775],
[0.9375,0.8525],[0.0825,0.8525],[0.055,0.775],[0.115,0.82],
[0.1625,0.8775],[0.025,0.2675],[0.0225,0.3575],[0.0125,0.4475],
[0,0.5375],[0.4075,0.9325],[0.315,0.9475],[0.0225,0.1775],
[0.0125,0.09],[0,0.83],[0.0125,0.92],[0.105,0.9325],
[0.195,0.9475],[0.8925,0.755],[0.8325,0.755],[0.8325,0.735],
[0.8925,0.735],[0.2625,0.755],[0.1825,0.755],[0.1825,0.735],
[0.2625,0.735],[0.55,0.755],[0.49,0.755],[0.49,0.735],
[0.55,0.735],[0.42,0.755],[0.42,0.735],[0.345,0.755],
[0.345,0.735],[0.455,0.755],[0.395,0.755],[0.395,0.735],
[0.455,0.735],[0.1075,0.755],[0.0375,0.755],[0.0375,0.735],
[0.1075,0.735],[0.84,0.755],[0.7625,0.755],[0.7625,0.735],
[0.84,0.735],[0.91,0.755],[0.97,0.755],[0.97,0.735],
[0.91,0.735],[0.115,0.755],[0.055,0.755],[0.055,0.735],
[0.115,0.735],[0.5275,0.755],[0.5275,0.735],[0.6025,0.755],
[0.6025,0.735],[0.6825,0.755],[0.6825,0.735],[0.9625,0.755],
[0.9625,0.735],[0.775,0.735],[0.6825,0.72],[0.775,0.72],
[0.17,0.735],[0.17,0.72],[0.2625,0.72],[0.78,0.735],
[0.78,0.72],[0.1675,0.735],[0.1675,0.72],[0.59,0.735],
[0.59,0.72],[0.5875,0.735],[0.5875,0.72],[0.3575,0.735],
[0.3575,0.72],[0.36,0.735],[0.36,0.72],[0.8225,0.72],
[0.8675,0.735],[0.8675,0.72],[0.125,0.72],[0.0775,0.735],
[0.0775,0.72],[0.545,0.72],[0.4975,0.735],[0.4975,0.72],
[0.4025,0.72],[0.45,0.735],[0.45,0.72],[0.8225,0.085],
[0.7775,0.1275],[0.825,0.13],[0.83,0.1775],[0.8725,0.1325],
[0.495,0.1325],[0.5375,0.1775],[0.5425,0.13],[0.5875,0.1275],
[0.545,0.085],[0.5875,0.9575],[0.545,0.4525],[0.5875,0.41],
[0.5425,0.4075],[0.5375,0.36],[0.495,0.4025],[0.8725,0.4025],
[0.83,0.36],[0.825,0.4075],[0.7775,0.41],[0.8225,0.4525],
[0.405,0.72],[0.4525,0.72],[0.4525,0.5375],[0.405,0.5375],
[0.8725,0.72],[0.825,0.72],[0.825,0.5375],[0.8725,0.5375],
[0.5425,0.72],[0.495,0.72],[0.495,0.5375],[0.5425,0.5375],
[0.1225,0.72],[0.075,0.72],[0.075,0.5375],[0.1225,0.5375],
[0.8675,0.5375],[0.8225,0.5375],[0.4025,0.5375],[0.45,0.5375],
[0.545,0.5375],[0.4975,0.5375],[0.125,0.5375],[0.0775,0.5375]
]

f
[[1,11,14],
[1,14,2],[2,14,15],[2,15,3],[3,15,16],
[3,16,4],[4,16,68],[4,68,67],[11,12,17],
[11,17,14],[14,17,18],[14,18,15],[15,18,19],
[15,19,16],[16,19,69],[16,69,68],[12,13,20],
[12,20,17],[17,20,21],[17,21,18],[18,21,22],
[18,22,19],[19,22,70],[19,70,69],[13,60,59],
[13,59,20],[20,59,58],[20,58,21],[21,58,57],
[21,57,22],[22,57,78],[22,78,70],[1,2,23],
[1,23,5],[5,23,24],[5,24,6],[6,24,25],
[6,25,7],[7,25,73],[7,73,74],[2,3,26],
[2,26,23],[23,26,27],[23,27,24],[24,27,28],
[24,28,25],[25,28,72],[25,72,73],[3,4,29],
[3,29,26],[26,29,30],[26,30,27],[27,30,31],
[27,31,28],[28,31,71],[28,71,72],[4,67,66],
[4,66,29],[29,66,65],[29,65,30],[30,65,64],
[30,64,31],[31,64,81],[31,81,71],[1,5,32],
[1,32,8],[8,32,33],[8,33,9],[9,33,34],
[9,34,10],[10,34,54],[10,54,53],[5,6,35],
[5,35,32],[32,35,36],[32,36,33],[33,36,37],
[33,37,34],[34,37,55],[34,55,54],[6,7,38],
[6,38,35],[35,38,39],[35,39,36],[36,39,40],
[36,40,37],[37,40,56],[37,56,55],[7,74,75],
[7,75,38],[38,75,76],[38,76,39],[39,76,77],
[39,77,40],[40,77,80],[40,80,56],[1,8,41],
[1,41,11],[11,41,42],[11,42,12],[12,42,43],
[12,43,13],[13,43,61],[13,61,60],[8,9,44],
[8,44,41],[41,44,45],[41,45,42],[42,45,46],
[42,46,43],[43,46,62],[43,62,61],[9,10,47],
[9,47,44],[44,47,48],[44,48,45],[45,48,49],
[45,49,46],[46,49,63],[46,63,62],[10,53,52],
[10,52,47],[47,52,51],[47,51,48],[48,51,50],
[48,50,49],[49,50,79],[49,79,63],[95,92,82],
[95,82,83],[97,96,84],[97,84,85],[149,97,85],
[149,85,148],[100,99,96],[100,96,97],[150,100,97],
[150,97,149],[101,94,93],[101,93,98],[102,101,98],
[102,98,99],[103,102,99],[103,99,100],[151,103,100],
[151,100,150],[140,141,94],[140,94,101],[139,140,101],
[139,101,102],[138,139,102],[138,102,103],[159,138,103],
[159,103,151],[104,83,82],[104,82,86],[106,105,87],
[106,87,88],[154,106,88],[154,88,155],[109,108,105],
[109,105,106],[153,109,106],[153,106,154],[110,85,84],
[110,84,107],[111,110,107],[111,107,108],[112,111,108],
[112,108,109],[152,112,109],[152,109,153],[147,148,85],
[147,85,110],[146,147,110],[146,110,111],[145,146,111],
[145,111,112],[162,145,112],[162,112,152],[113,86,82],
[113,82,89],[115,114,90],[115,90,91],[135,115,91],
[135,91,134],[118,117,114],[118,114,115],[136,118,115],
[136,115,135],[119,88,87],[119,87,116],[120,119,116],
[120,116,117],[121,120,117],[121,117,118],[137,121,118],
[137,118,136],[156,155,88],[156,88,119],[157,156,119],
[157,119,120],[158,157,120],[158,120,121],[161,158,121],
[161,121,137],[122,89,82],[122,82,92],[124,123,93],
[124,93,94],[142,124,94],[142,94,141],[127,126,123],
[127,123,124],[143,127,124],[143,124,142],[128,91,90],
[128,90,125],[129,128,125],[129,125,126],[130,129,126],
[130,126,127],[144,130,127],[144,127,143],[133,134,91],
[133,91,128],[132,133,128],[132,128,129],[131,132,129],
[131,129,130],[160,131,130],[160,130,144],[63,79,160],
[63,160,144],[60,61,142],[60,142,141],[78,57,138],
[78,138,159],[57,58,139],[57,139,138],[73,72,153],
[73,153,154],[74,73,154],[74,154,155],[72,71,152],
[72,152,153],[56,80,161],[56,161,137],[62,63,144],
[62,144,143],[51,52,133],[51,133,132],[61,62,143],
[61,143,142],[70,78,159],[70,159,151],[79,50,131],
[79,131,160],[81,64,145],[81,145,162],[50,51,132],
[50,132,131],[55,56,137],[55,137,136],[80,77,158],
[80,158,161],[69,70,151],[69,151,150],[68,69,150],
[68,150,149],[54,55,136],[54,136,135],[64,65,146],
[64,146,145],[58,59,140],[58,140,139],[53,54,135],
[53,135,134],[71,81,162],[71,162,152],[66,67,148],
[66,148,147],[52,53,134],[52,134,133],[76,75,156],
[76,156,157],[67,68,149],[67,149,148],[75,74,155],
[75,155,156],[59,60,141],[59,141,140],[65,66,147],
[65,147,146],[77,76,157],[77,157,158],[125,90,166],
[125,166,163],[93,123,165],[93,165,167],[89,122,169],
[89,169,168],[122,92,170],[122,170,169],[116,87,174],
[116,174,171],[90,114,173],[90,173,166],[86,113,176],
[86,176,175],[113,89,168],[113,168,176],[107,84,180],
[107,180,177],[87,105,179],[87,179,174],[83,104,182],
[83,182,181],[104,86,175],[104,175,182],[98,93,167],
[98,167,183],[84,96,185],[84,185,180],[92,95,186],
[92,186,170],[95,83,181],[95,181,186],[187,126,125],
[163,187,125],[187,164,126],[188,123,126],[164,188,126],
[188,165,123],[189,117,116],[171,189,116],[189,172,117],
[190,114,117],[172,190,117],[190,173,114],[191,108,107],
[177,191,107],[191,178,108],[192,105,108],[178,192,108],
[192,179,105],[193,99,98],[183,193,98],[193,184,99],
[194,96,99],[184,194,99],[194,185,96],[187,163,195],
[187,195,203],[203,195,169],[203,169,196],[188,203,196],
[188,196,165],[195,166,168],[169,195,168],[195,163,166],
[196,170,167],[165,196,167],[196,169,170],[189,171,197],
[189,197,204],[204,197,176],[204,176,198],[190,204,198],
[190,198,173],[197,174,175],[176,197,175],[197,171,174],
[198,168,166],[173,198,166],[198,176,168],[191,177,199],
[191,199,205],[205,199,182],[205,182,200],[192,205,200],
[192,200,179],[199,180,181],[182,199,181],[199,177,180],
[200,175,174],[179,200,174],[200,182,175],[193,183,201],
[193,201,206],[206,201,186],[206,186,202],[194,206,202],
[194,202,185],[201,167,170],[186,201,170],[201,183,167],
[202,181,180],[185,202,180],[202,186,181],[206,194,208],
[206,208,207],[193,206,207],[193,207,209],[205,192,210],
[205,210,211],[191,205,211],[191,211,212],[204,190,213],
[204,213,214],[189,204,214],[189,214,215],[203,188,216],
[203,216,217],[187,203,217],[187,217,218],[194,184,219],
[194,219,208],[184,193,209],[184,209,219],[192,178,220],
[192,220,210],[178,191,212],[178,212,220],[190,172,221],
[190,221,213],[172,189,215],[172,215,221],[188,164,222],
[188,222,216],[164,187,218],[164,218,222],[219,209,207],
[219,207,208],[220,212,211],[220,211,210],[221,215,214],
[221,214,213],[222,218,217],[222,217,216]
]

ft
[[1,2,3],
[1,3,4],[4,3,5],[4,5,6],[6,5,7],
[6,7,8],[8,7,9],[8,9,10],[2,11,12],
[2,12,3],[3,12,13],[3,13,5],[5,13,14],
[5,14,7],[7,14,15],[7,15,9],[11,16,17],
[11,17,12],[12,17,18],[12,18,13],[13,18,19],
[13,19,14],[14,19,20],[14,20,15],[21,22,23],
[21,23,24],[24,23,25],[24,25,26],[26,25,27],
[26,27,28],[28,27,29],[28,29,30],[1,4,31],
[1,31,32],[32,31,33],[32,33,34],[34,33,35],
[34,35,36],[36,35,37],[36,37,38],[4,6,39],
[4,39,31],[31,39,40],[31,40,33],[33,40,41],
[33,41,35],[35,41,42],[35,42,37],[6,8,43],
[6,43,39],[39,43,44],[39,44,40],[40,44,45],
[40,45,41],[41,45,46],[41,46,42],[8,10,47],
[8,47,43],[43,47,48],[43,48,44],[44,48,49],
[44,49,45],[45,49,50],[45,50,46],[1,32,51],
[1,51,52],[52,51,53],[52,53,54],[55,56,57],
[55,57,58],[58,57,59],[58,59,60],[32,34,61],
[32,61,51],[51,61,62],[51,62,53],[56,63,64],
[56,64,57],[57,64,65],[57,65,59],[34,36,66],
[34,66,61],[61,66,67],[61,67,62],[62,67,68],
[62,68,69],[64,70,71],[64,71,65],[36,38,72],
[36,72,66],[66,72,73],[66,73,67],[67,73,74],
[67,74,68],[70,75,76],[70,76,71],[1,52,77],
[1,77,2],[2,77,78],[2,78,11],[11,78,79],
[11,79,16],[21,80,81],[21,81,22],[52,54,82],
[52,82,77],[77,82,83],[77,83,78],[78,83,84],
[78,84,79],[80,85,86],[80,86,81],[55,58,87],
[55,87,88],[88,87,89],[88,89,90],[83,91,92],
[83,92,84],[85,93,94],[85,94,86],[58,60,95],
[58,95,87],[87,95,96],[87,96,89],[89,96,97],
[89,97,98],[99,100,101],[99,101,102],[3,2,1],
[3,1,4],[7,5,6],[7,6,8],[9,7,8],
[9,8,10],[14,13,5],[14,5,7],[15,14,7],
[15,7,9],[24,21,103],[24,103,104],[26,24,104],
[26,104,105],[28,26,105],[28,105,106],[20,19,14],
[20,14,15],[23,22,21],[23,21,24],[25,23,24],
[25,24,26],[27,25,26],[27,26,28],[29,27,28],
[29,28,30],[31,4,1],[31,1,32],[35,33,34],
[35,34,36],[37,35,36],[37,36,38],[41,40,33],
[41,33,35],[42,41,35],[42,35,37],[43,8,6],
[43,6,39],[44,43,39],[44,39,40],[45,44,40],
[45,40,41],[46,45,41],[46,41,42],[47,10,8],
[47,8,43],[48,47,43],[48,43,44],[49,48,44],
[49,44,45],[50,49,45],[50,45,46],[51,32,1],
[51,1,52],[57,56,55],[57,55,58],[59,57,58],
[59,58,60],[64,63,56],[64,56,57],[65,64,57],
[65,57,59],[66,36,34],[66,34,61],[67,66,61],
[67,61,62],[70,107,63],[70,63,64],[71,70,64],
[71,64,65],[72,38,36],[72,36,66],[73,72,66],
[73,66,67],[75,108,107],[75,107,70],[76,75,70],
[76,70,71],[77,52,1],[77,1,2],[80,109,103],
[80,103,21],[81,80,21],[81,21,22],[85,110,109],
[85,109,80],[86,85,80],[86,80,81],[87,58,55],
[87,55,88],[89,87,88],[89,88,90],[99,111,112],
[99,112,113],[102,99,113],[102,113,114],[95,60,58],
[95,58,87],[96,95,87],[96,87,89],[97,96,89],
[97,89,98],[101,100,99],[101,99,102],[115,116,117],
[115,117,118],[119,120,121],[119,121,122],[123,124,125],
[123,125,126],[124,127,128],[124,128,125],[129,127,128],
[129,128,130],[119,129,130],[119,130,122],[127,124,125],
[127,125,128],[131,132,133],[131,133,134],[135,136,137],
[135,137,138],[139,140,141],[139,141,142],[120,135,138],
[120,138,121],[143,144,145],[143,145,146],[147,148,149],
[147,149,150],[132,131,134],[132,134,133],[143,139,142],
[143,142,146],[151,131,134],[151,134,152],[116,115,118],
[116,118,117],[139,143,146],[139,146,142],[140,139,142],
[140,142,141],[153,151,152],[153,152,154],[131,151,152],
[131,152,134],[127,129,130],[127,130,128],[155,153,154],
[155,154,156],[124,123,126],[124,126,125],[153,155,156],
[153,156,154],[140,155,156],[140,156,141],[135,120,121],
[135,121,138],[155,140,141],[155,141,156],[120,119,122],
[120,122,121],[129,119,122],[129,122,130],[151,153,154],
[151,154,152],[115,157,158],[115,158,118],[159,156,160],
[159,160,161],[122,162,163],[122,163,164],[156,165,166],
[156,166,160],[167,122,164],[167,164,168],[162,122,164],
[162,164,163],[156,169,170],[156,170,160],[122,167,168],
[122,168,164],[171,156,160],[171,160,172],[169,156,160],
[169,160,170],[122,173,174],[122,174,164],[156,171,172],
[156,172,160],[175,122,164],[175,164,176],[173,122,164],
[173,164,174],[156,159,161],[156,161,160],[122,175,176],
[122,176,164],[165,156,160],[165,160,166],[177,178,159],
[161,177,159],[177,179,178],[180,162,181],[182,180,181],
[180,163,162],[180,181,162],[163,180,162],[180,182,181],
[183,169,184],[185,183,184],[183,170,169],[183,184,169],
[170,183,169],[183,185,184],[186,173,187],[188,186,187],
[186,174,173],[186,187,173],[174,186,173],[186,188,187],
[177,159,178],[179,177,178],[177,161,159],[189,82,190],
[189,190,191],[191,190,77],[191,77,192],[193,191,192],
[193,192,78],[190,54,52],[77,190,52],[190,82,54],
[192,2,11],[78,192,11],[192,77,2],[194,61,195],
[194,195,196],[196,195,51],[196,51,197],[198,196,197],
[198,197,53],[195,34,32],[51,195,32],[195,61,34],
[197,52,54],[56,199,55],[197,51,52],[200,39,201],
[200,201,202],[202,201,31],[202,31,203],[204,202,203],
[204,203,33],[201,6,4],[31,201,4],[201,39,6],
[203,32,34],[33,203,34],[203,31,32],[205,12,206],
[205,206,207],[207,206,3],[207,3,208],[209,207,208],
[209,208,5],[206,11,2],[3,206,2],[206,12,11],
[208,4,6],[5,208,6],[208,3,4],[210,211,212],
[210,212,213],[214,215,216],[214,216,217],[218,219,220],
[218,220,221],[211,210,213],[211,213,212],[222,223,224],
[222,224,225],[219,218,221],[219,221,220],[215,214,217],
[215,217,216],[223,222,225],[223,225,224],[177,179,226],
[177,226,227],[188,186,228],[188,228,229],[186,188,229],
[186,229,228],[185,183,230],[185,230,231],[183,185,231],
[183,231,230],[182,180,232],[182,232,233],[180,182,233],
[180,233,232],[179,177,227],[179,227,226],[13,205,207],
[13,207,209],[40,200,202],[40,202,204],[62,194,196],
[62,196,198],[83,189,191],[83,191,193]
]

Name Vase
metal_vase.jpg

224
384

96.0784
(0.3176,0.001,0.4)
(0.64,0.64,0.64)
(0.5,0.5,0.5)

v
[[-0.03,-0.130731,-0],
[-0.029424,-0.130731,-0.005853],[-0.027716,-0.130731,-0.011481],[-0.024944,-0.130731,-0.016667],[-0.021213,-0.130731,-0.021213],
[-0.016667,-0.130731,-0.024944],[-0.011481,-0.130731,-0.027716],[-0.005853,-0.130731,-0.029424],[-0,-0.130731,-0.03],
[0.005853,-0.130731,-0.029424],[0.01148,-0.130731,-0.027716],[0.016667,-0.130731,-0.024944],[0.021213,-0.130731,-0.021213],
[0.024944,-0.130731,-0.016667],[0.027716,-0.130731,-0.01148],[0.029424,-0.130731,-0.005853],[0.03,-0.130731,0],
[0.029424,-0.130731,0.005853],[0.027716,-0.130731,0.011481],[0.024944,-0.130731,0.016667],[0.021213,-0.130731,0.021213],
[0.016667,-0.130731,0.024944],[0.01148,-0.130731,0.027716],[0.005853,-0.130731,0.029424],[-0,-0.130731,0.03],
[-0.005853,-0.130731,0.029424],[-0.011481,-0.130731,0.027716],[-0.016667,-0.130731,0.024944],[-0.021213,-0.130731,0.021213],
[-0.024944,-0.130731,0.016667],[-0.027716,-0.130731,0.01148],[-0.029424,-0.130731,0.005853],[-0.022463,0.247052,-0],
[-0.022032,0.247052,-0.004382],[-0.020753,0.247052,-0.008596],[-0.018677,0.247052,-0.01248],[-0.015884,0.247052,-0.015884],
[-0.01248,0.247052,-0.018677],[-0.008596,0.247052,-0.020753],[-0.004382,0.247052,-0.022032],[0,0.247052,-0.022463],
[0.004382,0.247052,-0.022032],[0.008596,0.247052,-0.020753],[0.01248,0.247052,-0.018677],[0.015884,0.247052,-0.015884],
[0.018677,0.247052,-0.01248],[0.020753,0.247052,-0.008596],[0.022032,0.247052,-0.004382],[0.022463,0.247052,-0],
[0.022032,0.247052,0.004382],[0.020753,0.247052,0.008596],[0.018678,0.247052,0.01248],[0.015884,0.247052,0.015884],
[0.01248,0.247052,0.018677],[0.008596,0.247052,0.020753],[0.004382,0.247052,0.022032],[0,0.247052,0.022463],
[-0.004382,0.247052,0.022032],[-0.008596,0.247052,0.020753],[-0.01248,0.247052,0.018678],[-0.015884,0.247052,0.015884],
[-0.018677,0.247052,0.01248],[-0.020753,0.247052,0.008596],[-0.022032,0.247052,0.004383],[-0.029424,-0.118436,-0.005853],
[-0.03,-0.118436,-0],[-0.027716,-0.118436,-0.011481],[-0.024944,-0.118436,-0.016667],[-0.021213,-0.118436,-0.021213],
[-0.016667,-0.118436,-0.024944],[-0.01148,-0.118436,-0.027716],[-0.005853,-0.118436,-0.029424],[0,-0.118436,-0.03],
[0.005853,-0.118436,-0.029424],[0.011481,-0.118436,-0.027716],[0.016667,-0.118436,-0.024944],[0.021213,-0.118436,-0.021213],
[0.024944,-0.118436,-0.016667],[0.027716,-0.118436,-0.01148],[0.029424,-0.118436,-0.005853],[0.03,-0.118436,0],
[0.029424,-0.118436,0.005853],[0.027716,-0.118436,0.011481],[0.024944,-0.118436,0.016667],[0.021213,-0.118436,0.021213],
[0.016667,-0.118436,0.024944],[0.01148,-0.118436,0.027716],[0.005853,-0.118436,0.029424],[-0,-0.118436,0.03],
[-0.005853,-0.118436,0.029424],[-0.011481,-0.118436,0.027716],[-0.016667,-0.118436,0.024944],[-0.021213,-0.118436,0.021213],
[-0.024944,-0.118436,0.016667],[-0.027716,-0.118436,0.01148],[-0.029424,-0.118436,0.005853],[-0.041193,-0.069755,-0.008194],
[-0.042,-0.069755,-0],[-0.038803,-0.069755,-0.016073],[-0.034922,-0.069755,-0.023334],[-0.029698,-0.069755,-0.029698],
[-0.023334,-0.069755,-0.034922],[-0.016073,-0.069755,-0.038803],[-0.008194,-0.069755,-0.041193],[0,-0.069755,-0.042],
[0.008194,-0.069755,-0.041193],[0.016073,-0.069755,-0.038803],[0.023334,-0.069755,-0.034922],[0.029698,-0.069755,-0.029698],
[0.034922,-0.069755,-0.023334],[0.038803,-0.069755,-0.016073],[0.041193,-0.069755,-0.008194],[0.042,-0.069755,0],
[0.041193,-0.069755,0.008194],[0.038803,-0.069755,0.016073],[0.034922,-0.069755,0.023334],[0.029698,-0.069755,0.029698],
[0.023334,-0.069755,0.034922],[0.016073,-0.069755,0.038803],[0.008194,-0.069755,0.041193],[-0,-0.069755,0.042],
[-0.008194,-0.069755,0.041193],[-0.016073,-0.069755,0.038803],[-0.023334,-0.069755,0.034922],[-0.029698,-0.069755,0.029698],
[-0.034922,-0.069755,0.023334],[-0.038803,-0.069755,0.016073],[-0.041193,-0.069755,0.008194],[-0.041193,0.042383,-0.008194],
[-0.042,0.042383,-0],[-0.038803,0.042383,-0.016073],[-0.034922,0.042383,-0.023334],[-0.029698,0.042383,-0.029699],
[-0.023334,0.042383,-0.034922],[-0.016073,0.042383,-0.038803],[-0.008194,0.042383,-0.041193],[0,0.042383,-0.042],
[0.008194,0.042383,-0.041193],[0.016073,0.042383,-0.038803],[0.023334,0.042383,-0.034922],[0.029698,0.042383,-0.029698],
[0.034922,0.042383,-0.023334],[0.038803,0.042383,-0.016073],[0.041193,0.042383,-0.008194],[0.042,0.042383,-0],
[0.041193,0.042383,0.008194],[0.038803,0.042383,0.016073],[0.034922,0.042383,0.023334],[0.029699,0.042383,0.029698],
[0.023334,0.042383,0.034922],[0.016073,0.042383,0.038803],[0.008194,0.042383,0.041193],[0,0.042383,0.042],
[-0.008194,0.042383,0.041193],[-0.016073,0.042383,0.038803],[-0.023334,0.042383,0.034922],[-0.029698,0.042383,0.029699],
[-0.034922,0.042383,0.023334],[-0.038803,0.042383,0.016073],[-0.041193,0.042383,0.008194],[-0.017874,0.142836,-0.003555],
[-0.018224,0.142836,-0],[-0.016837,0.142836,-0.006974],[-0.015153,0.142836,-0.010125],[-0.012886,0.142836,-0.012887],
[-0.010125,0.142836,-0.015153],[-0.006974,0.142836,-0.016837],[-0.003555,0.142836,-0.017874],[0,0.142836,-0.018224],
[0.003555,0.142836,-0.017874],[0.006974,0.142836,-0.016837],[0.010125,0.142836,-0.015153],[0.012887,0.142836,-0.012886],
[0.015153,0.142836,-0.010125],[0.016837,0.142836,-0.006974],[0.017874,0.142836,-0.003555],[0.018224,0.142836,-0],
[0.017874,0.142836,0.003555],[0.016837,0.142836,0.006974],[0.015153,0.142836,0.010125],[0.012887,0.142836,0.012886],
[0.010125,0.142836,0.015153],[0.006974,0.142836,0.016837],[0.003555,0.142836,0.017874],[0,0.142836,0.018224],
[-0.003555,0.142836,0.017874],[-0.006974,0.142836,0.016837],[-0.010125,0.142836,0.015153],[-0.012886,0.142836,0.012887],
[-0.015153,0.142836,0.010125],[-0.016837,0.142836,0.006974],[-0.017874,0.142836,0.003555],[-0.017654,0.232898,-0.003512],
[-0.018,0.232898,-0],[-0.01663,0.232898,-0.006888],[-0.014966,0.232898,-0.01],[-0.012728,0.232898,-0.012728],
[-0.01,0.232898,-0.014966],[-0.006888,0.232898,-0.01663],[-0.003512,0.232898,-0.017654],[0,0.232898,-0.018],
[0.003512,0.232898,-0.017654],[0.006888,0.232898,-0.01663],[0.01,0.232898,-0.014966],[0.012728,0.232898,-0.012728],
[0.014966,0.232898,-0.01],[0.01663,0.232898,-0.006888],[0.017654,0.232898,-0.003512],[0.018,0.232898,-0],
[0.017654,0.232898,0.003512],[0.01663,0.232898,0.006888],[0.014966,0.232898,0.01],[0.012728,0.232898,0.012728],
[0.01,0.232898,0.014966],[0.006888,0.232898,0.01663],[0.003512,0.232898,0.017654],[0,0.232898,0.018],
[-0.003512,0.232898,0.017654],[-0.006888,0.232898,0.01663],[-0.01,0.232898,0.014967],[-0.012728,0.232898,0.012728],
[-0.014966,0.232898,0.01],[-0.01663,0.232898,0.006888],[-0.017654,0.232898,0.003512]
]

vt
[[0.65625,0.535156],
[0.65625,0.558594],[0.722656,0.558594],[0.722656,0.535156],[0.789062,0.558594],
[0.789062,0.535156],[0.847656,0.558594],[0.847656,0.535156],[0.902344,0.558594],
[0.902344,0.535156],[0.558594,0.535156],[0.558594,0.558594],[0.507812,0.558594],
[0.507812,0.535156],[0.445312,0.558594],[0.445312,0.535156],[0.378906,0.558594],
[0.378906,0.535156],[0.3125,0.558594],[0.3125,0.535156],[0.242188,0.558594],
[0.242188,0.535156],[0.179688,0.558594],[0.179688,0.535156],[0.117188,0.558594],
[0.117188,0.535156],[0.816406,0.535156],[0.816406,0.558594],[0.761719,0.558594],
[0.761719,0.535156],[0.203125,0.535156],[0.203125,0.558594],[0.148438,0.558594],
[0.148438,0.535156],[0.585938,0.558594],[0.585938,0.535156],[0.519531,0.558594],
[0.519531,0.535156],[0.460938,0.558594],[0.460938,0.535156],[0.40625,0.558594],
[0.40625,0.535156],[0.875,0.558594],[0.875,0.535156],[0.65625,0.667969],
[0.65625,0.816406],[0.75,0.808594],[0.722656,0.660156],[0.839844,0.777344],
[0.789062,0.636719],[0.925781,0.730469],[0.847656,0.605469],[1,0.664062],
[0.300781,0.664062],[0.363281,0.582031],[0.246094,0.5],[0.40625,0.492188],
[0.277344,0.433594],[0.433594,0.394531],[0.296875,0.363281],[0.445312,0.292969],
[0.304688,0.292969],[0.433594,0.1875],[0.296875,0.21875],[0.40625,0.089844],
[0.277344,0.148438],[0.363281,0],[0.246094,0.082031],[0.246094,0.835938],
[0.363281,0.75],[0.300781,0.671875],[0.203125,0.777344],[0.226562,0.605469],
[0.148438,0.730469],[0.847656,0.730469],[0.925781,0.605469],[0.839844,0.558594],
[0.789062,0.695312],[0.75,0.527344],[0.722656,0.675781],[0.65625,0.515625],
[0.558594,0.527344],[0.585938,0.675781],[0.46875,0.558594],[0.519531,0.695312],
[0.382812,0.605469],[0.460938,0.730469],[0.308594,0.671875],[0.40625,0.777344],
[0.246094,0.75],[0.363281,0.835938],[0.203125,0.839844],[0.332031,0.898438],
[0.332031,0.148438],[0.203125,0.089844],[0.175781,0.1875],[0.3125,0.21875],
[0.164062,0.292969],[0.175781,0.394531],[0.3125,0.363281],[0.203125,0.492188],
[0.332031,0.433594],[0.246094,0.582031],[0.363281,0.5],[0.308594,0.664062],
[0.382812,0.730469],[0.460938,0.605469],[0.46875,0.777344],[0.519531,0.636719],
[0.558594,0.808594],[0.585938,0.660156],[0.65625,0.652344],[0.65625,0.863281],
[0.75,0.863281],[0.75,0.652344],[0.839844,0.863281],[0.839844,0.652344],
[0.925781,0.863281],[0.925781,0.652344],[0.226562,0.652344],[0.226562,0.863281],
[0.300781,0.863281],[0.300781,0.652344],[0.582031,0.863281],[0.582031,0.652344],
[0.5,0.863281],[0.5,0.652344],[0.40625,0.863281],[0.40625,0.652344],
[0.3125,0.863281],[0.3125,0.652344],[0.21875,0.863281],[0.21875,0.652344],
[0.125,0.863281],[0.125,0.652344],[0.824219,0.652344],[0.824219,0.863281],
[0.738281,0.863281],[0.738281,0.652344],[0.664062,0.863281],[0.664062,0.652344],
[0.144531,0.863281],[0.144531,0.652344],[0.558594,0.863281],[0.558594,0.652344],
[0.46875,0.863281],[0.46875,0.652344],[0.382812,0.863281],[0.382812,0.652344],
[0.308594,0.863281],[0.308594,0.652344],[0.914062,0.863281],[0.914062,0.652344],
[0.65625,0.519531],[0.695312,0.515625],[0.734375,0.503906],[0.773438,0.480469],
[0.226562,0.730469],[0.074219,0.480469],[0.105469,0.453125],[0.132812,0.417969],
[0.152344,0.378906],[0.164062,0.335938],[0.167969,0.292969],[0.164062,0.246094],
[0.152344,0.203125],[0.40625,0.839844],[0.152344,0.957031],[0.132812,0.914062],
[0.105469,0.882812],[0.074219,0.851562],[0.039062,0.832031],[0.144531,0.558594],
[0.734375,0.832031],[0.695312,0.820312],[0.613281,0.820312],[0.574219,0.832031],
[0.535156,0.851562],[0.503906,0.882812],[0.476562,0.914062],[0.457031,0.957031],
[0.445312,0.996094],[0.175781,0.941406],[0.445312,0.246094],[0.441406,0.292969],
[0.445312,0.335938],[0.457031,0.378906],[0.476562,0.417969],[0.503906,0.453125],
[0.535156,0.480469],[0.574219,0.503906],[0.613281,0.515625],[0.65625,0.300781],
[0.65625,0.46875],[0.695312,0.46875],[0.695312,0.300781],[0.65625,0.574219],
[0.707031,0.566406],[0.695312,0.511719],[0.734375,0.46875],[0.734375,0.300781],
[0.753906,0.550781],[0.734375,0.5],[0.769531,0.46875],[0.773438,0.300781],
[0.800781,0.527344],[0.769531,0.480469],[0.800781,0.46875],[0.804688,0.300781],
[0.839844,0.492188],[0.800781,0.449219],[0.460938,0.300781],[0.460938,0.46875],
[0.429688,0.46875],[0.429688,0.300781],[0.871094,0.449219],[0.828125,0.417969],
[0.390625,0.46875],[0.394531,0.300781],[0.894531,0.398438],[0.847656,0.378906],
[0.351562,0.46875],[0.355469,0.300781],[0.910156,0.347656],[0.859375,0.335938],
[0.3125,0.46875],[0.3125,0.300781],[0.160156,0.335938],[0.210938,0.347656],
[0.21875,0.292969],[0.269531,0.46875],[0.269531,0.300781],[0.210938,0.238281],
[0.160156,0.246094],[0.230469,0.46875],[0.230469,0.300781],[0.199219,0.183594],
[0.148438,0.207031],[0.195312,0.46875],[0.195312,0.300781],[0.847656,0.207031],
[0.894531,0.183594],[0.871094,0.136719],[0.828125,0.167969],[0.164062,0.46875],
[0.164062,0.300781],[0.839844,0.09375],[0.800781,0.132812],[0.800781,0.058594],
[0.769531,0.105469],[0.769531,0.855469],[0.800781,0.808594],[0.753906,0.78125],
[0.734375,0.835938],[0.707031,0.765625],[0.65625,0.761719],[0.613281,0.46875],
[0.613281,0.300781],[0.601562,0.765625],[0.574219,0.46875],[0.574219,0.300781],
[0.554688,0.78125],[0.574219,0.835938],[0.539062,0.46875],[0.535156,0.300781],
[0.507812,0.808594],[0.539062,0.855469],[0.507812,0.46875],[0.503906,0.300781],
[0.46875,0.84375],[0.507812,0.882812],[0.507812,0.132812],[0.46875,0.09375],
[0.4375,0.136719],[0.480469,0.167969],[0.414062,0.183594],[0.460938,0.207031],
[0.398438,0.238281],[0.449219,0.246094],[0.394531,0.292969],[0.398438,0.347656],
[0.449219,0.335938],[0.414062,0.398438],[0.460938,0.378906],[0.4375,0.449219],
[0.480469,0.417969],[0.46875,0.492188],[0.507812,0.449219],[0.507812,0.527344],
[0.539062,0.480469],[0.554688,0.550781],[0.574219,0.5],[0.601562,0.566406],
[0.613281,0.511719]
]

f
[[1,66,65],
[1,65,2],[2,65,67],[2,67,3],[3,67,68],
[3,68,4],[4,68,69],[4,69,5],[5,69,70],
[5,70,6],[6,70,71],[6,71,7],[7,71,72],
[7,72,8],[8,72,73],[8,73,9],[9,73,74],
[9,74,10],[10,74,75],[10,75,11],[11,75,76],
[11,76,12],[12,76,77],[12,77,13],[13,77,78],
[13,78,14],[14,78,79],[14,79,15],[15,79,80],
[15,80,16],[16,80,81],[16,81,17],[17,81,82],
[17,82,18],[18,82,83],[18,83,19],[19,83,84],
[19,84,20],[20,84,85],[20,85,21],[21,85,86],
[21,86,22],[22,86,87],[22,87,23],[23,87,88],
[23,88,24],[24,88,89],[24,89,25],[25,89,90],
[25,90,26],[26,90,91],[26,91,27],[27,91,92],
[27,92,28],[28,92,93],[28,93,29],[29,93,94],
[29,94,30],[30,94,95],[30,95,31],[31,95,96],
[31,96,32],[66,1,32],[66,32,96],[66,98,97],
[66,97,65],[65,97,99],[65,99,67],[67,99,100],
[67,100,68],[68,100,101],[68,101,69],[69,101,102],
[69,102,70],[70,102,103],[70,103,71],[71,103,104],
[71,104,72],[72,104,105],[72,105,73],[73,105,106],
[73,106,74],[74,106,107],[74,107,75],[75,107,108],
[75,108,76],[76,108,109],[76,109,77],[77,109,110],
[77,110,78],[78,110,111],[78,111,79],[79,111,112],
[79,112,80],[80,112,113],[80,113,81],[81,113,114],
[81,114,82],[82,114,115],[82,115,83],[83,115,116],
[83,116,84],[84,116,117],[84,117,85],[85,117,118],
[85,118,86],[86,118,119],[86,119,87],[87,119,120],
[87,120,88],[88,120,121],[88,121,89],[89,121,122],
[89,122,90],[90,122,123],[90,123,91],[91,123,124],
[91,124,92],[92,124,125],[92,125,93],[93,125,126],
[93,126,94],[94,126,127],[94,127,95],[95,127,128],
[95,128,96],[98,66,96],[98,96,128],[98,130,129],
[98,129,97],[97,129,131],[97,131,99],[99,131,132],
[99,132,100],[100,132,133],[100,133,101],[101,133,134],
[101,134,102],[102,134,135],[102,135,103],[103,135,136],
[103,136,104],[104,136,137],[104,137,105],[105,137,138],
[105,138,106],[106,138,139],[106,139,107],[107,139,140],
[107,140,108],[108,140,141],[108,141,109],[109,141,142],
[109,142,110],[110,142,143],[110,143,111],[111,143,144],
[111,144,112],[112,144,145],[112,145,113],[113,145,146],
[113,146,114],[114,146,147],[114,147,115],[115,147,148],
[115,148,116],[116,148,149],[116,149,117],[117,149,150],
[117,150,118],[118,150,151],[118,151,119],[119,151,152],
[119,152,120],[120,152,153],[120,153,121],[121,153,154],
[121,154,122],[122,154,155],[122,155,123],[123,155,156],
[123,156,124],[124,156,157],[124,157,125],[125,157,158],
[125,158,126],[126,158,159],[126,159,127],[127,159,160],
[127,160,128],[130,98,128],[130,128,160],[130,162,161],
[130,161,129],[129,161,163],[129,163,131],[131,163,164],
[131,164,132],[132,164,165],[132,165,133],[133,165,166],
[133,166,134],[134,166,167],[134,167,135],[135,167,168],
[135,168,136],[136,168,169],[136,169,137],[137,169,170],
[137,170,138],[138,170,171],[138,171,139],[139,171,172],
[139,172,140],[140,172,173],[140,173,141],[141,173,174],
[141,174,142],[142,174,175],[142,175,143],[143,175,176],
[143,176,144],[144,176,177],[144,177,145],[145,177,178],
[145,178,146],[146,178,179],[146,179,147],[147,179,180],
[147,180,148],[148,180,181],[148,181,149],[149,181,182],
[149,182,150],[150,182,183],[150,183,151],[151,183,184],
[151,184,152],[152,184,185],[152,185,153],[153,185,186],
[153,186,154],[154,186,187],[154,187,155],[155,187,188],
[155,188,156],[156,188,189],[156,189,157],[157,189,190],
[157,190,158],[158,190,191],[158,191,159],[159,191,192],
[159,192,160],[162,130,160],[162,160,192],[162,194,193],
[162,193,161],[194,33,34],[194,34,193],[161,193,195],
[161,195,163],[193,34,35],[193,35,195],[163,195,196],
[163,196,164],[195,35,36],[195,36,196],[164,196,197],
[164,197,165],[196,36,37],[196,37,197],[165,197,198],
[165,198,166],[197,37,38],[197,38,198],[166,198,199],
[166,199,167],[198,38,39],[198,39,199],[167,199,200],
[167,200,168],[199,39,40],[199,40,200],[168,200,201],
[168,201,169],[200,40,41],[200,41,201],[169,201,202],
[169,202,170],[201,41,42],[201,42,202],[170,202,203],
[170,203,171],[202,42,43],[202,43,203],[171,203,204],
[171,204,172],[203,43,44],[203,44,204],[172,204,205],
[172,205,173],[204,44,45],[204,45,205],[173,205,206],
[173,206,174],[205,45,46],[205,46,206],[174,206,207],
[174,207,175],[206,46,47],[206,47,207],[175,207,208],
[175,208,176],[207,47,48],[207,48,208],[176,208,209],
[176,209,177],[208,48,49],[208,49,209],[177,209,210],
[177,210,178],[209,49,50],[209,50,210],[178,210,211],
[178,211,179],[210,50,51],[210,51,211],[179,211,212],
[179,212,180],[211,51,52],[211,52,212],[180,212,213],
[180,213,181],[212,52,53],[212,53,213],[181,213,214],
[181,214,182],[213,53,54],[213,54,214],[182,214,215],
[182,215,183],[214,54,55],[214,55,215],[183,215,216],
[183,216,184],[215,55,56],[215,56,216],[184,216,217],
[184,217,185],[216,56,57],[216,57,217],[185,217,218],
[185,218,186],[217,57,58],[217,58,218],[186,218,219],
[186,219,187],[218,58,59],[218,59,219],[187,219,220],
[187,220,188],[219,59,60],[219,60,220],[188,220,221],
[188,221,189],[220,60,61],[220,61,221],[189,221,222],
[189,222,190],[221,61,62],[221,62,222],[190,222,223],
[190,223,191],[222,62,63],[222,63,223],[191,223,224],
[191,224,192],[223,63,64],[223,64,224],[33,194,224],
[33,224,64],[194,162,192],[194,192,224]
]

ft
[[1,2,3],
[1,3,4],[4,3,5],[4,5,6],[6,5,7],
[6,7,8],[8,7,9],[8,9,10],[11,12,13],
[11,13,14],[14,13,15],[14,15,16],[16,15,17],
[16,17,18],[18,17,19],[18,19,20],[20,19,21],
[20,21,22],[22,21,23],[22,23,24],[24,23,25],
[24,25,26],[27,28,29],[27,29,30],[31,32,33],
[31,33,34],[8,7,5],[8,5,6],[6,5,3],
[6,3,4],[4,3,2],[4,2,1],[1,2,35],
[1,35,36],[36,35,37],[36,37,38],[38,37,39],
[38,39,40],[40,39,41],[40,41,42],[30,29,28],
[30,28,27],[27,28,43],[27,43,44],[24,23,21],
[24,21,22],[22,21,19],[22,19,20],[20,19,17],
[20,17,18],[18,17,15],[18,15,16],[16,15,13],
[16,13,14],[14,13,12],[14,12,11],[42,41,39],
[42,39,40],[40,39,37],[40,37,38],[38,37,35],
[38,35,36],[2,1,36],[2,36,35],[45,46,47],
[45,47,48],[48,47,49],[48,49,50],[50,49,51],
[50,51,52],[52,51,53],[52,53,9],[32,54,55],
[32,55,56],[56,55,57],[56,57,58],[58,57,59],
[58,59,60],[60,59,61],[60,61,62],[62,61,63],
[62,63,64],[64,63,65],[64,65,66],[66,65,67],
[66,67,68],[69,70,71],[69,71,72],[72,71,73],
[72,73,74],[75,76,77],[75,77,78],[78,77,79],
[78,79,80],[80,79,81],[80,81,45],[45,81,82],
[45,82,83],[83,82,84],[83,84,85],[85,84,86],
[85,86,87],[87,86,88],[87,88,89],[89,88,90],
[89,90,91],[91,90,92],[91,92,93],[94,95,96],
[94,96,97],[97,96,98],[97,98,62],[62,98,99],
[62,99,100],[100,99,101],[100,101,102],[102,101,103],
[102,103,104],[104,103,105],[104,105,41],[41,105,106],
[41,106,107],[107,106,108],[107,108,109],[109,108,110],
[109,110,111],[46,45,111],[46,111,110],[112,113,114],
[112,114,115],[115,114,116],[115,116,117],[117,116,118],
[117,118,119],[120,121,122],[120,122,123],[112,113,124],
[112,124,125],[125,124,126],[125,126,127],[127,126,128],
[127,128,129],[129,128,130],[129,130,131],[131,130,132],
[131,132,133],[133,132,134],[133,134,135],[136,137,138],
[136,138,139],[139,138,140],[139,140,141],[123,122,121],
[123,121,120],[120,121,142],[120,142,143],[117,116,114],
[117,114,115],[115,114,113],[115,113,112],[112,113,144],
[112,144,145],[145,144,146],[145,146,147],[147,146,148],
[147,148,149],[149,148,150],[149,150,151],[141,140,138],
[141,138,139],[139,138,137],[139,137,136],[136,137,152],
[136,152,153],[133,132,130],[133,130,131],[131,130,128],
[131,128,129],[129,128,126],[129,126,127],[127,126,124],
[127,124,125],[125,124,113],[125,113,112],[151,150,148],
[151,148,149],[149,148,146],[149,146,147],[147,146,144],
[147,144,145],[113,112,145],[113,145,144],[46,154,155],
[46,155,47],[47,155,156],[47,156,49],[49,156,157],
[49,157,51],[158,159,160],[158,160,54],[54,160,161],
[54,161,55],[55,161,162],[55,162,57],[57,162,163],
[57,163,59],[59,163,164],[59,164,61],[61,164,165],
[61,165,63],[63,165,166],[63,166,65],[167,168,169],
[167,169,70],[70,169,170],[70,170,71],[71,170,171],
[71,171,73],[73,171,172],[73,172,173],[77,174,175],
[77,175,79],[79,175,46],[79,46,81],[81,46,176],
[81,176,82],[82,176,177],[82,177,84],[84,177,178],
[84,178,86],[86,178,179],[86,179,88],[88,179,180],
[88,180,90],[90,180,181],[90,181,92],[92,181,182],
[92,182,183],[96,184,185],[96,185,98],[98,185,186],
[98,186,99],[99,186,187],[99,187,101],[101,187,188],
[101,188,103],[103,188,189],[103,189,105],[105,189,190],
[105,190,106],[106,190,191],[106,191,108],[108,191,192],
[108,192,110],[154,46,110],[154,110,192],[193,194,195],
[193,195,196],[81,197,198],[81,198,199],[196,195,200],
[196,200,201],[199,198,202],[199,202,203],[201,200,204],
[201,204,205],[203,202,206],[203,206,207],[205,204,208],
[205,208,209],[207,206,210],[207,210,211],[212,213,214],
[212,214,215],[211,210,216],[211,216,217],[215,214,218],
[215,218,219],[217,216,220],[217,220,221],[219,218,222],
[219,222,223],[221,220,224],[221,224,225],[223,222,226],
[223,226,227],[228,229,230],[228,230,98],[227,226,231],
[227,231,232],[98,230,233],[98,233,234],[232,231,235],
[232,235,236],[234,233,237],[234,237,238],[236,235,239],
[236,239,240],[241,242,243],[241,243,244],[240,239,245],
[240,245,246],[244,243,247],[244,247,248],[209,208,204],
[209,204,205],[248,247,249],[248,249,250],[205,204,200],
[205,200,201],[251,252,253],[251,253,254],[201,200,195],
[201,195,196],[254,253,255],[254,255,175],[196,195,194],
[196,194,193],[175,255,256],[175,256,46],[193,194,257],
[193,257,258],[46,256,259],[46,259,176],[258,257,260],
[258,260,261],[176,259,262],[176,262,263],[261,260,264],
[261,264,265],[263,262,266],[263,266,267],[265,264,268],
[265,268,269],[267,266,270],[267,270,271],[246,245,239],
[246,239,240],[272,273,274],[272,274,275],[240,239,235],
[240,235,236],[275,274,276],[275,276,277],[236,235,231],
[236,231,232],[277,276,278],[277,278,279],[232,231,226],
[232,226,227],[279,278,280],[279,280,61],[227,226,222],
[227,222,223],[61,280,281],[61,281,282],[223,222,218],
[223,218,219],[282,281,283],[282,283,284],[219,218,214],
[219,214,215],[284,283,285],[284,285,286],[215,214,213],
[215,213,212],[286,285,287],[286,287,288],[269,268,264],
[269,264,265],[288,287,289],[288,289,290],[265,264,260],
[265,260,261],[290,289,291],[290,291,292],[261,260,257],
[261,257,258],[292,291,293],[292,293,294],[197,81,294],
[197,294,293],[194,193,258],[194,258,257]
]

Name WindowSlab
room.jpg

8
12

1
(0.152443,0.231427,0.28829)
(0.64,0.64,0.64)
(0.1,0.1,0.1)

v
[[-0.075,0,1.35],
[-0.075,0,-1.35],[0.075,0,-1.35],[0.075,0,1.35],[-0.075,-0.099997,1.35],
[-0.075,-0.1,-1.35],[0.075,-0.1,-1.35],[0.075,-0.1,1.35]
]

vt
[[0.565375,0],
[0.434625,0],[0.434625,1],[0.565375,1],[0.982235,0.4045],
[0.017765,0.4045],[0.017765,0.5955],[0.982235,0.5955],[0.975445,0.523339],
[0.024555,0.523339],[0.024555,0.476661],[0.975445,0.476661]
]

f
[[1,4,3],
[1,3,2],[7,8,5],[7,5,6],[4,1,5],
[4,5,8],[2,3,7],[2,7,6],[1,2,6],
[1,6,5],[3,4,8],[3,8,7]
]

ft
[[1,2,3],
[1,3,4],[1,2,3],[1,3,4],[5,6,7],
[5,7,8],[5,6,7],[5,7,8],[9,10,11],
[9,11,12],[9,10,11],[9,11,12]
]

Name WindowFrame
metal.jpg

16
32

96.0784
(0.001,0.001,0.001)
(0.64,0.64,0.64)
(1,1,1)

v
[[-0.015,-0.505,1.265],
[-0.015,-0.505,-1.265],[0.015,-0.505,-1.265],[0.015,-0.505,1.265],[-0.015,0.505,1.265],
[-0.015,0.505,-1.265],[0.015,0.505,-1.265],[0.015,0.505,1.265],[-0.015,-0.501429,1.25605],
[-0.015,-0.501429,-1.25605],[0.015,-0.501429,-1.25605],[0.015,-0.501429,1.25606],[-0.015,0.501429,1.25605],
[-0.015,0.501429,-1.25606],[0.015,0.501429,-1.25605],[0.015,0.501429,1.25605]
]

vt
[[0.541818,0.497727],
[0.98,0.497727],[0.978182,0.145455],[0.541818,0.145455],[0.438182,0.497727],
[0.001818,0.497727],[0,0.147727],[0.438182,0.145455],[0.876364,0.497727],
[0.876364,0.145455],[0.541818,0.852273],[0.105455,0.852273],[0.105455,0.497727],
[0.438182,0.852273],[0.876364,0.85],[0.434545,0.497727],[0.434545,0.852273],
[0.005455,0.852273],[0.005455,0.497727],[0.438182,0.563636],[0.438182,0.915909],
[0.434545,0.915909],[0.434545,0.568182],[0.438182,0.568182],[0.876364,0.563636],
[0.438182,0.211364],[0.438182,0.215909],[0.876364,0.568182],[0.001818,0.568182],
[0.005455,0.570455],[0.434545,0.215909],[0.434545,0.563636],[0.005455,0.568182]
]

f
[[1,2,3],
[1,3,4],[5,8,7],[5,7,6],[2,6,7],
[2,7,3],[5,1,4],[5,4,8],[11,10,9],
[11,9,12],[15,16,13],[15,13,14],[15,14,10],
[15,10,11],[12,9,13],[12,13,16],[2,1,9],
[2,9,10],[7,8,16],[7,16,15],[8,4,12],
[8,12,16],[5,6,14],[5,14,13],[6,2,10],
[6,10,14],[3,7,15],[3,15,11],[4,3,11],
[4,11,12],[1,5,13],[1,13,9]
]

ft
[[1,2,3],
[1,3,4],[1,4,3],[1,3,2],[5,6,7],
[5,7,8],[5,9,10],[5,10,8],[1,11,12],
[1,12,13],[1,13,12],[1,12,11],[5,14,15],
[5,15,9],[16,17,18],[16,18,19],[20,21,22],
[20,22,23],[20,21,21],[20,21,24],[20,25,25],
[20,25,20],[20,26,27],[20,27,20],[20,25,28],
[20,28,24],[20,29,30],[20,30,23],[20,26,31],
[20,31,32],[20,29,33],[20,33,32]
]

Name Room
room.jpg

244
436

1
(0.152443,0.231427,0.28829)
(0.64,0.64,0.64)
(0.1,0.1,0.1)

v
[[0.280221,0.1,-0.135554],
[0.280221,0.1,-5.13555],[3.28022,0.1,-5.13555],[3.28022,0.1,-0.135554],[0.28022,2.1,-0.135555],
[0.280221,2.1,-5.13555],[3.28022,2.1,-5.13555],[3.28022,2.1,-0.135554],[0.222486,1.62887,-2.63556],
[0.222486,1.1,-1.35669],[0.222486,0.571133,-2.63556],[0.222486,1.1,-3.91442],[0.222486,1.62887,-1.35669],
[0.222486,0.571133,-1.35669],[0.222486,1.62887,-3.91442],[0.222486,0.571133,-3.91442],[0.280221,0.1,-2.63555],
[0.280221,2.1,-2.63556],[0.280221,1.1,-5.13555],[0.28022,1.1,-0.135555],[0.280221,0.1,-1.38555],
[0.280221,0.1,-3.88555],[0.28022,2.1,-1.38556],[0.280221,2.1,-3.88556],[0.280221,0.6,-5.13555],
[0.280221,1.6,-5.13555],[0.280221,0.6,-0.135554],[0.28022,1.6,-0.135555],[0.280221,1.1,-1.38556],
[0.280221,1.6,-2.63556],[0.280221,1.1,-3.88556],[0.280221,0.6,-2.63556],[0.28022,1.6,-1.38556],
[0.280221,1.6,-3.88556],[0.280221,0.6,-1.38555],[0.280221,0.6,-3.88556],[3.28022,0.1,-2.14569],
[3.28022,2.1,-2.63555],[3.28022,1.1,-5.13555],[3.28022,1.1,-0.135554],[3.33796,1.1,-2.14569],
[3.28022,1.1,-2.14569],[3.28022,0.1,-3.88555],[3.28022,0.1,-1.38555],[3.28022,2.1,-3.88555],
[3.28022,2.1,-1.38555],[3.28022,0.6,-5.13555],[3.28022,1.6,-5.13555],[3.28022,0.6,-0.135554],
[3.28022,1.6,-0.135554],[3.33796,1.62887,-2.14569],[3.33796,0.571133,-2.14569],[3.33795,1.1,-1.35669],
[3.28022,1.1,-3.88555],[3.28022,1.6,-2.14569],[3.28022,1.1,-1.38555],[3.28022,0.6,-2.14569],
[3.33796,1.62887,-1.35669],[3.33795,0.571133,-1.35669],[3.28022,1.6,-3.88555],[3.28022,1.6,-1.38555],
[3.28022,0.6,-3.88555],[3.28022,0.6,-1.38555],[3.28022,0.1,-1.76562],[3.33733,0.10314,-1.35384],
[3.33605,0.10314,-2.14569],[3.33605,0.10314,-1.75841],[1.78022,0.1,-5.13555],[1.78022,0.1,-0.135554],
[1.78022,2.1,-5.13555],[1.78022,2.1,-0.135555],[0.222486,1.36443,-1.35669],[0.222486,1.62887,-1.99612],
[0.222486,0.835566,-1.35669],[0.222486,0.571133,-1.99612],[0.222486,1.62887,-3.27499],[0.222486,1.36443,-3.91442],
[0.222486,0.835566,-3.91442],[0.222486,0.571133,-3.27499],[1.78022,0.1,-1.38555],[1.78022,2.1,-3.88555],
[1.78022,2.1,-1.38556],[1.78022,0.6,-5.13555],[1.78022,1.6,-5.13555],[0.280221,0.1,-2.01055],
[0.280221,0.1,-0.760554],[0.280221,0.1,-3.26055],[0.280221,0.1,-4.51055],[0.280221,2.1,-2.01056],
[0.28022,2.1,-0.760555],[0.280221,2.1,-3.26056],[0.280221,2.1,-4.51055],[0.280221,0.85,-5.13555],
[0.280221,0.35,-5.13555],[0.280221,1.35,-5.13555],[0.280221,1.85,-5.13555],[0.280221,0.85,-0.135554],
[0.280221,0.35,-0.135554],[0.28022,1.35,-0.135555],[0.28022,1.85,-0.135555],[0.280221,1.1,-0.760555],
[0.280221,1.85,-2.63556],[0.280221,1.1,-4.51055],[0.280221,0.35,-2.63555],[1.78022,0.1,-4.51055],
[0.28022,1.6,-0.760555],[0.28022,1.85,-1.38556],[0.280221,1.6,-2.01056],[0.280221,1.35,-1.38556],
[0.280221,1.6,-3.26056],[0.280221,1.85,-3.88556],[0.280221,1.6,-4.51055],[0.280221,1.35,-3.88556],
[0.280221,0.6,-0.760554],[0.280221,0.85,-1.38555],[0.280221,0.6,-2.01055],[0.280221,0.35,-1.38555],
[0.280221,0.6,-3.26056],[0.280221,0.85,-3.88556],[0.280221,0.6,-4.51055],[0.280221,0.35,-3.88555],
[1.78022,2.1,-2.63556],[1.78022,1.1,-5.13555],[3.28022,0.1,-3.01562],[3.28022,0.1,-4.51055],
[3.28022,0.1,-0.760554],[3.28022,2.1,-3.26055],[3.28022,2.1,-4.51055],[3.28022,2.1,-2.01055],
[3.28022,2.1,-0.760554],[3.28022,0.85,-5.13555],[3.28022,0.35,-5.13555],[3.28022,1.35,-5.13555],
[3.28022,1.85,-5.13555],[3.28022,0.85,-0.135554],[3.28022,0.35,-0.135554],[3.28022,1.35,-0.135554],
[3.28022,1.85,-0.135554],[3.33796,1.36443,-2.14569],[3.33796,0.835566,-2.14569],[3.28022,1.1,-3.01562],
[3.28022,1.1,-4.51055],[3.28022,1.35,-2.14569],[3.28022,1.85,-2.39062],[3.28022,1.1,-0.760554],
[3.28022,0.85,-2.14569],[3.28022,0.35,-2.14569],[3.33796,1.62887,-1.75119],[3.33796,1.36443,-1.35669],
[3.33795,0.835566,-1.35669],[3.28022,1.6,-4.51055],[3.28022,1.85,-3.88555],[3.28022,1.6,-3.01562],
[3.28022,1.35,-3.88555],[3.28022,1.6,-1.76562],[3.28022,1.85,-1.38555],[3.28022,1.6,-0.760554],
[3.28022,1.35,-1.38555],[3.28022,0.6,-4.51055],[3.28022,0.85,-3.88555],[3.28022,0.6,-3.01562],
[3.28022,0.35,-3.88555],[3.28022,0.85,-1.38555],[3.28022,0.6,-0.760554],[3.28022,0.35,-1.38555],
[1.78022,0.1,-3.26055],[0.251354,1.61443,-3.89999],[0.251353,1.61443,-1.37112],[0.251354,1.1,-3.89999],
[0.251353,1.1,-1.37112],[0.251353,0.585566,-3.89999],[0.251353,0.585566,-1.37112],[0.251353,1.61443,-2.63556],
[0.251353,0.585566,-2.63556],[3.30909,1.61443,-2.14569],[3.30909,1.61443,-1.37112],[3.30909,1.1,-1.37112],
[3.30909,0.585566,-1.37112],[3.30909,0.85,-1.37112],[3.30909,1.1,-2.14569],[3.30909,0.585566,-2.14569],
[3.28022,0.1,-1.95566],[3.28022,0.1,-1.57559],[3.30877,0.10157,-1.3697],[3.30813,0.10157,-2.14569],
[1.78022,0.1,-2.20059],[3.30813,0.10157,-1.76201],[3.33605,0.10314,-1.95205],[3.33669,0.10314,-1.55612],
[3.33764,0.337136,-1.35526],[3.337,0.337136,-2.14569],[3.30845,0.10157,-1.56586],[3.28022,0.35,-0.760554],
[3.30813,0.10157,-1.95385],[3.28022,0.85,-0.760554],[3.28022,0.35,-3.01562],[3.28022,0.35,-4.51055],
[3.28022,1.35,-0.760554],[3.28022,0.85,-3.01562],[3.28022,0.85,-4.51055],[3.28022,1.85,-0.760554],
[3.28022,1.35,-3.01562],[3.28022,1.85,-1.88809],[3.28022,1.35,-4.51055],[3.28022,1.85,-3.13809],
[3.28022,1.85,-4.51055],[0.280221,0.35,-0.760554],[0.280221,0.35,-2.01055],[0.280221,0.85,-0.760554],
[0.280221,0.35,-3.26055],[0.280221,0.35,-4.51055],[0.28022,1.35,-0.760555],[0.280221,0.85,-4.51055],
[0.28022,1.85,-0.760555],[0.280221,1.85,-2.01056],[0.280221,1.35,-4.51055],[0.280221,1.85,-3.26056],
[0.280221,1.85,-4.51055],[2.53022,0.1,-2.60811],[2.53022,0.1,-1.48057],[1.03022,0.1,-1.07305],
[1.78022,0.1,-3.88555],[1.03022,0.475,-5.13555],[2.53022,0.725,-5.13555],[2.53022,1.475,-5.13555],
[1.03022,1.725,-5.13555],[0.251354,0.842783,-3.89999],[0.251354,1.35722,-3.89999],[0.251353,1.61443,-3.26777],
[0.251353,1.61443,-2.00334],[0.251353,1.35722,-1.37112],[0.251353,0.842783,-1.37112],[0.251353,0.585566,-2.00334],
[0.251353,0.585566,-3.26777],[3.30909,1.35722,-1.37112],[3.30909,1.61443,-1.75841],[3.30909,1.35722,-2.14569],
[3.30861,0.343568,-2.14569],[3.30909,0.842783,-2.14569],[3.30893,0.343568,-1.37041],[1.03022,2.1,-4.19805],
[2.53022,2.1,-3.57305],[2.53022,2.1,-1.69805],[1.03022,2.1,-1.07306]
]

vt
[[0.615614,0.681219],
[0.610288,0.682043],[0.610288,0.646897],[0.615557,0.646341],[0.620941,0.680395],
[0.620941,0.644426],[0.610288,0.611752],[0.615614,0.610104],[0.620941,0.608457],
[0.40569,0.437946],[0.524552,0.437946],[0.524552,0.484075],[0.40569,0.484075],
[0.286828,0.437946],[0.286828,0.484075],[0.524552,0.530203],[0.40569,0.530203],
[0.286828,0.530203],[0.615614,0.381658],[0.610288,0.381658],[0.610288,0.347337],
[0.615614,0.34684],[0.620941,0.381658],[0.620941,0.346513],[0.610288,0.313015],
[0.615614,0.312191],[0.620941,0.311367],[0.40569,0.714992],[0.524552,0.714992],
[0.524552,0.76112],[0.40569,0.76112],[0.286828,0.714992],[0.286828,0.76112],
[0.524552,0.807249],[0.40569,0.807249],[0.286828,0.807249],[0.615614,0.76112],
[0.620941,0.714992],[0.62094,0.763317],[0.615614,0.809445],[0.610288,0.807249],
[0.620941,0.811642],[0.453884,0.437946],[0.619382,0.437946],[0.619382,0.484075],
[0.453884,0.484075],[0.288387,0.437946],[0.288387,0.484075],[0.619382,0.530203],
[0.453884,0.530203],[0.288387,0.530203],[0.615614,0.714992],[0.610288,0.76112],
[0.610288,0.714992],[0.737594,0.437946],[0.855807,0.437946],[0.855807,0.484075],
[0.737594,0.484075],[0.855807,0.530203],[0.737594,0.530203],[0.40569,0.622735],
[0.524552,0.622735],[0.524552,0.668863],[0.40569,0.668863],[0.286828,0.622735],
[0.286828,0.668863],[0.453884,0.714992],[0.619382,0.714992],[0.619382,0.76112],
[0.453884,0.76112],[0.288387,0.714992],[0.288387,0.76112],[0.619382,0.807249],
[0.453884,0.807249],[0.288387,0.807249],[0.737594,0.714992],[0.855807,0.714992],
[0.855807,0.76112],[0.737594,0.76112],[0.855807,0.807249],[0.737594,0.807249],
[0.524552,0.576469],[0.40569,0.576469],[0.286828,0.576469],[0.453884,0.622735],
[0.619382,0.622735],[0.619382,0.668863],[0.453884,0.668863],[0.288387,0.622735],
[0.288387,0.668863],[0.642764,0.530203],[0.760977,0.530203],[0.714861,0.576469],
[0.619601,0.576469],[0.668745,0.622735],[0.596648,0.622735],[0.737594,0.622735],
[0.855807,0.622735],[0.855807,0.668863],[0.737594,0.668863],[0.50065,0.530203],
[0.619382,0.576469],[0.477182,0.576469],[0.381917,0.530203],[0.335152,0.576469],
[0.855807,0.576469],[0.737594,0.576469],[0.704209,0.564525],[0.41907,0.564525],
[0.41907,0.449616],[0.704209,0.449616],[0.989348,0.564525],[0.41907,0.334706],
[0.263055,0.437946],[0.144193,0.437946],[0.144193,0.484075],[0.263055,0.484075],
[0.381917,0.437946],[0.381917,0.484075],[0.144193,0.530203],[0.263055,0.530203],
[0.50065,0.437946],[0.50065,0.484075],[0.357885,0.437946],[0.239023,0.437946],
[0.239023,0.484075],[0.357885,0.484075],[0.476747,0.437946],[0.476747,0.484075],
[0.239023,0.530203],[0.357885,0.530203],[0.476747,0.530203],[0.357885,0.714992],
[0.239023,0.714992],[0.239023,0.76112],[0.357885,0.76112],[0.476747,0.714992],
[0.476747,0.76112],[0.239023,0.807249],[0.357885,0.807249],[0.476747,0.807249],
[0.144193,0.576469],[0.263055,0.576469],[0.381917,0.576469],[0.144193,0.622735],
[0.263055,0.622735],[0.381917,0.622735],[0.357885,0.622735],[0.239023,0.622735],
[0.239023,0.668863],[0.357885,0.668863],[0.476747,0.622735],[0.476747,0.668863],
[0.50065,0.576469],[0.50065,0.622735],[0.239023,0.576469],[0.357885,0.576469],
[0.476747,0.576469],[0.610288,0.716365],[0.610288,0.750686],[0.610288,0.727347],
[0.467719,0.671962],[0.325149,0.577155],[0.610288,0.704009],[0.325149,0.588138],
[0.04001,0.472268],[0.610288,0.496019],[0.467719,0.628935],[0.610288,0.380286],
[0.325149,0.610928],[0.325149,0.761807],[0.04001,0.841571],[0.704209,0.380286],
[0.989348,0.380286],[0.704209,0.426277],[0.561639,0.277114],[0.41907,0.380286],
[0.41907,0.311505],[0.41907,0.472268],[0.41907,0.357496],[0.41907,0.242724],
[0.610288,0.819055],[0.610288,0.934102],[0.514679,0.819055],[0.514679,0.703185],
[0.514679,0.588138],[0.41907,0.704009],[0.41907,0.588138],[0.704209,0.530203],
[0.989348,0.530203],[0.704209,0.622597],[0.561639,0.737987],[0.41907,0.530203],
[0.41907,0.668726],[0.41907,0.714992],[0.41907,0.76112],[0.41907,0.807249],
[0.610288,0.484075],[0.610288,0.437946],[0.610288,0.391818],[0.467719,0.414882],
[0.610288,0.530203],[0.325149,0.437946],[0.610288,0.345689],[0.325149,0.345689],
[0.04001,0.345689],[0.610288,0.668863],[0.610288,0.622735],[0.610288,0.576469],
[0.467719,0.645799],[0.325149,0.714992],[0.325149,0.622597],[0.04001,0.714992],
[0.561639,0.599602],[0.41907,0.668863],[0.41907,0.576469],[0.41907,0.622735],
[0.413744,0.809445],[0.413744,0.762439],[0.408418,0.811642],[0.408418,0.763317],
[0.413744,0.714992],[0.408418,0.714992],[0.413744,0.619577],[0.413744,0.667518],
[0.408418,0.61642],[0.408418,0.665706],[0.413744,0.472268],[0.408418,0.472268],
[0.408418,0.590335],[0.413744,0.589471],[0.408418,0.708402],[0.413744,0.706205],
[0.408418,0.723504],[0.408418,0.841571],[0.413744,0.841571],[0.413744,0.725329],
[0.408418,0.605437],[0.413744,0.608594],[0.41907,0.841571],[0.41907,0.726661],
[0.41907,0.611752],[0.408418,0.394289],[0.408418,0.345689],[0.413744,0.53034],
[0.413744,0.577795],[0.408418,0.442889],[0.413744,0.625069],[0.615614,0.619577],
[0.615614,0.667518],[0.620941,0.61642],[0.620941,0.665706],[0.620941,0.678061],
[0.620941,0.750686],[0.615614,0.566172],[0.615614,0.495377],[0.620941,0.605437],
[0.615614,0.42408],[0.610288,0.312191],[0.610288,0.242724],[0.615614,0.529379],
[0.615526,0.485073],[0.620941,0.528556],[0.620941,0.485722],[0.615614,0.440417],
[0.620941,0.442889],[0.615614,0.762439],[0.620941,0.763317],[0.615586,0.48507],
[0.62094,0.485722],[0.41907,0.819055],[0.561639,0.761532],[0.704209,0.703185],
[0.41907,0.934102],[0.704209,0.934102],[0.989348,0.934102],[0.325149,0.472268],
[0.325149,0.518396],[0.467719,0.369097],[0.610288,0.472268],[0.610288,0.403487],
[0.610288,0.564525],[0.610288,0.449616],[0.610288,0.334706],[0.325149,0.656919],
[0.467719,0.392435],[0.610288,0.311505],[0.610288,0.357496],[0.41907,0.496019],
[0.561639,0.553885],[0.704209,0.610928]
]

f
[[187,64,183],
[187,183,192],[67,187,192],[67,192,189],[192,183,44],
[192,44,184],[189,192,184],[189,184,65],[164,63,165],
[164,165,193],[49,164,193],[49,193,136],[193,165,44],
[193,44,126],[136,193,126],[136,126,4],[185,37,182],
[185,182,194],[66,185,194],[66,194,188],[194,182,64],
[194,64,187],[188,194,187],[188,187,67],[145,56,163],
[145,163,195],[40,145,195],[40,195,135],[195,163,63],
[195,63,164],[135,195,164],[135,164,49],[179,53,150],
[150,178,179],[63,179,178],[178,150,59],[161,62,162],
[161,162,196],[57,161,196],[57,196,147],[196,162,43],
[196,43,124],[147,196,124],[147,124,37],[177,53,179],
[179,163,177],[56,177,163],[163,179,63],[159,47,132],
[159,132,197],[62,159,197],[62,197,162],[197,132,3],
[197,3,125],[162,197,125],[162,125,43],[157,61,158],
[157,158,198],[50,157,198],[50,198,137],[198,158,56],
[198,56,145],[137,198,145],[137,145,40],[141,54,160],
[141,160,199],[42,141,199],[42,199,146],[199,160,62],
[199,62,161],[146,199,161],[146,161,57],[142,39,131],
[142,131,200],[54,142,200],[54,200,160],[200,131,47],
[200,47,159],[160,200,159],[160,159,62],[130,46,156],
[130,156,201],[8,130,201],[8,201,138],[201,156,61],
[201,61,157],[138,201,157],[138,157,50],[153,60,154],
[153,154,202],[55,153,202],[55,202,143],[202,154,54],
[202,54,141],[143,202,141],[143,141,42],[129,38,144],
[129,144,203],[46,129,203],[46,203,156],[203,144,55],
[203,55,155],[156,203,155],[156,155,61],[151,48,133],
[151,133,204],[60,151,204],[60,204,154],[204,133,39],
[204,39,142],[154,204,142],[154,142,54],[127,45,152],
[127,152,205],[38,127,205],[38,205,144],[205,152,60],
[205,60,153],[144,205,153],[144,153,55],[128,7,134],
[128,134,206],[45,128,206],[45,206,152],[206,134,48],
[206,48,151],[152,206,151],[152,151,60],[68,2,88],
[88,105,68],[3,68,105],[105,88,22],[86,21,117],
[86,117,207],[1,86,207],[1,207,98],[207,117,35],
[207,35,114],[98,207,114],[98,114,27],[116,35,117],
[116,117,208],[32,116,208],[32,208,104],[208,117,21],
[208,21,85],[104,208,85],[104,85,17],[101,20,97],
[101,97,209],[29,101,209],[29,209,115],[209,97,27],
[209,27,114],[115,209,114],[115,114,35],[118,32,104],
[118,104,210],[36,118,210],[36,210,121],[210,104,17],
[210,17,87],[121,210,87],[121,87,22],[120,36,121],
[120,121,211],[25,120,211],[25,211,94],[211,121,22],
[211,22,88],[94,211,88],[94,88,2],[106,28,99],
[106,99,212],[33,106,212],[33,212,109],[212,99,20],
[212,20,101],[109,212,101],[109,101,29],[103,31,119],
[103,119,213],[19,103,213],[19,213,93],[213,119,36],
[213,36,120],[93,213,120],[93,120,25],[90,5,100],
[90,100,214],[23,90,214],[23,214,107],[214,100,28],
[214,28,106],[107,214,106],[107,106,33],[89,23,107],
[89,107,215],[18,89,215],[18,215,102],[215,107,33],
[215,33,108],[102,215,108],[102,108,30],[112,34,113],
[112,113,216],[26,112,216],[26,216,95],[216,113,31],
[216,31,103],[95,216,103],[95,103,19],[91,18,102],
[91,102,217],[24,91,217],[24,217,111],[217,102,30],
[217,30,110],[111,217,110],[111,110,34],[92,24,111],
[92,111,218],[6,92,218],[6,218,96],[218,111,34],
[218,34,112],[96,218,112],[96,112,26],[182,37,124],
[182,124,219],[64,182,219],[64,219,186],[219,124,43],
[219,43,166],[186,219,166],[186,166,17],[126,44,183],
[126,183,220],[4,126,220],[4,220,80],[220,183,64],
[220,64,186],[80,220,186],[80,186,17],[69,4,80],
[69,80,221],[1,69,221],[1,221,86],[221,80,17],
[221,17,85],[86,221,85],[86,85,21],[125,3,105],
[125,105,222],[43,125,222],[43,222,166],[222,105,22],
[222,22,87],[166,222,87],[166,87,17],[68,3,83],
[68,83,223],[2,68,223],[2,223,94],[223,83,19],
[223,19,93],[94,223,93],[94,93,25],[132,47,131],
[132,131,224],[3,132,224],[3,224,83],[224,131,39],
[224,39,123],[83,224,123],[83,123,19],[133,48,134],
[133,134,225],[39,133,225],[39,225,123],[225,134,7],
[225,7,84],[123,225,84],[123,84,19],[84,7,70],
[84,70,226],[19,84,226],[19,226,95],[226,70,6],
[226,6,96],[95,226,96],[95,96,26],[171,36,119],
[171,119,227],[16,171,227],[16,227,78],[227,119,31],
[227,31,169],[78,227,169],[78,169,12],[113,34,167],
[113,167,228],[31,113,228],[31,228,169],[228,167,15],
[228,15,77],[169,228,77],[169,77,12],[173,9,76],
[173,76,229],[30,173,229],[30,229,110],[229,76,15],
[229,15,167],[110,229,167],[110,167,34],[73,9,173],
[73,173,230],[13,73,230],[13,230,168],[230,173,30],
[230,30,108],[168,230,108],[168,108,33],[170,10,72],
[170,72,231],[29,170,231],[29,231,109],[231,72,13],
[231,13,168],[109,231,168],[109,168,33],[74,10,170],
[74,170,232],[14,74,232],[14,232,172],[232,170,29],
[232,29,115],[172,232,115],[172,115,35],[172,35,116],
[172,116,233],[14,172,233],[14,233,75],[233,116,32],
[233,32,174],[75,233,174],[75,174,11],[118,36,171],
[118,171,234],[32,118,234],[32,234,174],[234,171,16],
[234,16,79],[174,234,79],[174,79,11],[158,61,176],
[158,176,235],[56,158,235],[56,235,177],[235,176,58],
[235,58,149],[177,235,149],[177,149,53],[148,51,175],
[148,175,236],[58,148,236],[58,236,176],[236,175,55],
[236,55,155],[176,236,155],[176,155,61],[143,55,175],
[143,175,237],[42,143,237],[42,237,180],[237,175,51],
[237,51,139],[180,237,139],[180,139,41],[185,37,147],
[185,147,238],[66,185,238],[66,238,191],[238,147,57],
[238,57,181],[191,238,181],[191,181,52],[181,57,146],
[181,146,239],[52,181,239],[52,239,140],[239,146,42],
[239,42,180],[140,239,180],[140,180,41],[184,44,165],
[184,165,240],[65,184,240],[65,240,190],[240,165,63],
[240,63,178],[190,240,178],[190,178,59],[91,24,92],
[91,92,241],[18,91,241],[18,241,81],[241,92,6],
[241,6,70],[81,241,70],[81,70,7],[122,18,81],
[122,81,242],[38,122,242],[38,242,127],[242,81,7],
[242,7,128],[127,242,128],[127,128,45],[82,18,122],
[82,122,243],[8,82,243],[8,243,130],[243,122,38],
[243,38,129],[130,243,129],[130,129,46],[90,23,89],
[90,89,244],[5,90,244],[5,244,71],[244,89,18],
[244,18,82],[71,244,82],[71,82,8]
]

ft
[[1,2,3],
[1,3,4],[5,1,4],[5,4,6],[4,3,7],
[4,7,8],[6,4,8],[6,8,9],[10,11,12],
[10,12,13],[14,10,13],[14,13,15],[13,12,16],
[13,16,17],[15,13,17],[15,17,18],[19,20,21],
[19,21,22],[23,19,22],[23,22,24],[22,21,25],
[22,25,26],[24,22,26],[24,26,27],[28,29,30],
[28,30,31],[32,28,31],[32,31,33],[31,30,34],
[31,34,35],[33,31,35],[33,35,36],[37,38,39],
[39,40,37],[41,37,40],[40,39,42],[43,44,45],
[43,45,46],[47,43,46],[47,46,48],[46,45,49],
[46,49,50],[48,46,50],[48,50,51],[52,38,37],
[37,53,52],[54,52,53],[53,37,41],[55,56,57],
[55,57,58],[44,55,58],[44,58,45],[58,57,59],
[58,59,60],[45,58,60],[45,60,49],[61,62,63],
[61,63,64],[65,61,64],[65,64,66],[64,63,29],
[64,29,28],[66,64,28],[66,28,32],[67,68,69],
[67,69,70],[71,67,70],[71,70,72],[70,69,73],
[70,73,74],[72,70,74],[72,74,75],[76,77,78],
[76,78,79],[68,76,79],[68,79,69],[79,78,80],
[79,80,81],[69,79,81],[69,81,73],[17,16,82],
[17,82,83],[18,17,83],[18,83,84],[83,82,62],
[83,62,61],[84,83,61],[84,61,65],[85,86,87],
[85,87,88],[89,85,88],[89,88,90],[88,87,68],
[88,68,67],[90,88,67],[90,67,71],[91,92,93],
[91,93,94],[16,91,94],[16,94,82],[94,93,95],
[94,95,96],[82,94,96],[82,96,62],[97,98,99],
[97,99,100],[86,97,100],[86,100,87],[100,99,77],
[100,77,76],[87,100,76],[87,76,68],[101,49,102],
[101,102,103],[104,101,103],[104,103,105],[103,102,86],
[103,86,85],[105,103,85],[105,85,89],[60,59,106],
[60,106,107],[49,60,107],[49,107,102],[107,106,98],
[107,98,97],[102,107,97],[102,97,86],[108,109,110],
[110,111,108],[112,108,111],[111,110,113],[17,16,12],
[17,12,13],[18,17,13],[18,13,15],[13,12,11],
[13,11,10],[15,13,10],[15,10,14],[114,115,116],
[114,116,117],[118,114,117],[118,117,119],[117,116,120],
[117,120,121],[119,117,121],[119,121,104],[28,32,33],
[28,33,31],[29,28,31],[29,31,30],[31,33,36],
[31,36,35],[30,31,35],[30,35,34],[122,118,119],
[122,119,123],[44,122,123],[44,123,45],[123,119,104],
[123,104,101],[45,123,101],[45,101,49],[124,125,126],
[124,126,127],[128,124,127],[128,127,129],[127,126,130],
[127,130,131],[129,127,131],[129,131,132],[61,65,66],
[61,66,64],[62,61,64],[62,64,63],[64,66,32],
[64,32,28],[63,64,28],[63,28,29],[133,134,135],
[133,135,136],[137,133,136],[137,136,138],[136,135,139],
[136,139,140],[138,136,140],[138,140,141],[17,18,84],
[17,84,83],[16,17,83],[16,83,82],[83,84,65],
[83,65,61],[82,83,61],[82,61,62],[121,120,142],
[121,142,143],[104,121,143],[104,143,144],[143,142,145],
[143,145,146],[144,143,146],[144,146,147],[148,149,150],
[148,150,151],[152,148,151],[152,151,153],[151,150,134],
[151,134,133],[153,151,133],[153,133,137],[101,104,144],
[101,144,154],[49,101,154],[49,154,102],[154,144,147],
[154,147,155],[102,154,155],[102,155,86],[131,130,156],
[131,156,157],[132,131,157],[132,157,158],[157,156,149],
[157,149,148],[158,157,148],[158,148,152],[159,160,161],
[159,161,162],[2,159,162],[2,162,163],[162,161,164],
[162,164,165],[163,162,165],[163,165,166],[167,7,3],
[167,3,168],[169,167,168],[169,168,170],[168,3,2],
[168,2,171],[170,168,171],[170,171,172],[173,174,175],
[173,175,176],[177,173,176],[177,176,178],[176,175,179],
[176,179,180],[178,176,180],[178,180,181],[182,183,184],
[182,184,185],[164,182,185],[164,185,186],[185,184,187],
[185,187,188],[186,185,188],[186,188,179],[189,190,191],
[189,191,192],[193,189,192],[193,192,194],[192,191,195],
[192,195,196],[194,192,196],[194,196,197],[198,199,200],
[198,200,201],[202,198,201],[202,201,203],[201,200,204],
[201,204,205],[203,201,205],[203,205,206],[207,208,209],
[207,209,210],[54,207,210],[54,210,211],[210,209,202],
[210,202,212],[211,210,212],[211,212,213],[191,190,189],
[191,189,214],[195,191,214],[195,214,215],[214,189,193],
[214,193,216],[215,214,216],[215,216,217],[218,197,196],
[218,196,219],[220,218,219],[220,219,221],[219,196,195],
[219,195,222],[221,219,222],[221,222,223],[215,217,224],
[215,224,225],[195,215,225],[195,225,222],[225,224,226],
[225,226,227],[222,225,227],[222,227,223],[228,229,230],
[228,230,231],[179,228,231],[179,231,188],[231,230,232],
[231,232,233],[188,231,233],[188,233,187],[234,235,236],
[234,236,237],[238,234,237],[238,237,239],[237,236,240],
[237,240,241],[239,237,241],[239,241,242],[222,223,227],
[222,227,225],[195,222,225],[195,225,215],[225,227,226],
[225,226,224],[215,225,224],[215,224,217],[243,244,245],
[243,245,246],[247,243,246],[247,246,248],[246,245,195],
[246,195,196],[248,246,196],[248,196,197],[239,242,241],
[239,241,237],[238,239,237],[238,237,234],[237,241,240],
[237,240,236],[234,237,236],[234,236,235],[188,187,233],
[188,233,231],[179,188,231],[179,231,228],[231,233,232],
[231,232,230],[228,231,230],[228,230,229],[207,208,249],
[207,249,250],[54,207,250],[54,250,52],[250,249,251],
[250,251,252],[52,250,252],[52,252,38],[253,254,255],
[253,255,256],[257,253,256],[257,256,258],[256,255,20],
[256,20,259],[258,256,259],[258,259,260],[207,208,249],
[207,249,250],[54,207,250],[54,250,52],[250,249,251],
[250,251,252],[52,250,252],[52,252,38],[261,202,198],
[261,198,262],[263,261,262],[263,262,264],[262,198,199],
[262,199,265],[264,262,265],[264,265,266],[40,41,53],
[40,53,267],[42,40,267],[42,267,268],[267,53,54],
[267,54,52],[268,267,52],[268,52,38],[261,202,198],
[261,198,269],[263,261,269],[263,269,270],[269,198,199],
[269,199,265],[270,269,265],[270,265,266],[188,187,271],
[188,271,272],[179,188,272],[179,272,273],[272,271,274],
[272,274,275],[273,272,275],[273,275,276],[277,166,278],
[277,278,279],[280,277,279],[280,279,281],[279,278,282],
[279,282,283],[281,279,283],[281,283,284],[170,172,285],
[170,285,286],[169,170,286],[169,286,287],[286,285,280],
[286,280,288],[287,286,288],[287,288,260],[289,242,241],
[289,241,290],[177,289,290],[177,290,173],[290,241,240],
[290,240,291],[173,290,291],[173,291,174]
]

Name Lamp
metal.jpg

35
50

96.0784
(0.001,0.001,0.001)
(0.64,0.64,0.64)
(1,1,1)

v
[[1.74997,1.5327,-2.51284],
[1.84045,1.5327,-2.48344],[1.89637,1.5327,-2.40647],[1.89637,1.5327,-2.31133],[1.84045,1.5327,-2.23437],
[1.74997,1.5327,-2.20497],[1.65948,1.5327,-2.23437],[1.60356,1.5327,-2.31133],[1.60356,1.5327,-2.40647],
[1.65948,1.5327,-2.48344],[1.74997,1.64114,-2.3589],[1.74997,2.09694,-2.51284],[1.68518,2.09694,-2.48344],
[1.64514,2.09694,-2.40647],[1.64514,2.09694,-2.31133],[1.68518,2.09694,-2.23437],[1.74997,2.09694,-2.20497],
[1.81475,2.09694,-2.23437],[1.85479,2.09694,-2.31133],[1.85479,2.09694,-2.40647],[1.81475,2.09694,-2.48344],
[1.74997,1.98849,-2.3589],[1.74974,2.02096,-2.3611],[1.74974,1.60556,-2.3611],[1.73796,2.02096,-2.36493],
[1.74246,2.02096,-2.35108],[1.75702,2.02096,-2.35108],[1.76152,2.02096,-2.36493],[1.74974,2.02096,-2.37349],
[1.73796,1.60556,-2.36493],[1.74246,1.60556,-2.35108],[1.75702,1.60556,-2.35108],[1.76152,1.60556,-2.36493],
[1.74974,1.60556,-2.37349],[1.74997,1.61368,-2.3589]
]

vt
[[0.241818,0.131818],
[0.52,0.043182],[0.52,0.515909],[0.070909,0.370455],[0.070909,0.661364],
[0.241818,0.895455],[0.52,0.988636],[0.798182,0.895455],[0.969091,0.661364],
[0.969091,0.370455],[0.798182,0.131818],[0.342589,0.74172],[0.374983,0.756419],
[0.374983,0.679452],[0.322569,0.703236],[0.679452,0.494247],[0.655667,0.548469],
[0.703236,0.548469],[0.342589,0.617183],[0.322569,0.655667],[0.374983,0.602484],
[0.407377,0.617183],[0.427398,0.655667],[0.407377,0.74172],[0.427398,0.703236],
[0.104836,0.006536],[0.857757,0.997502],[1,0.991919],[0.265128,0.000953],
[0,0.009034],[0.738692,1],[0.093416,0.004994],[0.807893,0.99596],
[0.252591,0],[0.964567,0.990966],[0.873766,0.995269],[0.143183,0.004303],
[0.114545,0.311364],[0.052727,0.613636],[0.501818,0.429545],[0.4,0.127273],
[0.154545,0.831818],[0.338182,0.965909],[0.543636,1],[0.747273,0.95],
[0.890909,0.765909],[0.930909,0.495455],[0.767273,0.211364]
]

f
[[2,1,11],
[11,3,2],[11,4,3],[11,5,4],[11,6,5],
[11,7,6],[11,8,7],[11,9,8],[11,10,9],
[11,1,10],[13,12,22],[22,14,13],[22,15,14],
[22,16,15],[22,17,16],[22,18,17],[22,19,18],
[22,20,19],[22,21,20],[22,12,21],[30,25,29],
[30,29,34],[31,26,25],[31,25,30],[32,27,26],
[32,26,31],[33,28,27],[33,27,32],[34,29,28],
[34,28,33],[23,29,25],[24,30,34],[23,25,26],
[24,31,30],[23,26,27],[24,32,31],[23,27,28],
[24,33,32],[23,28,29],[24,34,33],[1,2,35],
[1,35,10],[2,3,35],[3,4,35],[4,5,35],
[5,6,35],[6,7,35],[7,8,35],[8,9,35],
[9,10,35]
]

ft
[[1,2,3],
[3,4,1],[3,5,4],[3,6,5],[3,7,6],
[3,8,7],[3,9,8],[3,10,9],[3,11,10],
[3,2,11],[12,13,14],[14,15,12],[16,17,18],
[14,19,20],[14,21,19],[14,22,21],[14,23,22],
[16,18,17],[14,24,25],[14,13,24],[26,27,28],
[26,28,29],[30,31,27],[30,27,26],[32,33,31],
[32,31,30],[34,35,33],[34,33,32],[29,28,35],
[29,35,34],[36,28,27],[37,26,29],[36,27,31],
[37,30,26],[36,31,33],[37,32,30],[36,33,35],
[37,34,32],[36,35,28],[37,29,34],[38,39,40],
[38,40,41],[39,42,40],[42,43,40],[43,44,40],
[44,45,40],[45,46,40],[46,47,40],[47,48,40],
[48,41,40]
]

Name Door
door.jpg

4
2

1
(0.62573,0.3784,0.24117)
(0.64,0.64,0.64)
(0.1,0.1,0.1)

v
[[1e-006,-0.000915,0.618936],
[0,-0.000915,-0.162353],[-1e-006,1.55114,-0.162354],[-0,1.55114,0.618936]
]

vt
[[0.988189,0],
[0.988189,0.991749],[0,0.991749],[0,0]
]

f
[[1,4,3],
[1,3,2]
]

ft
[[1,2,3],
[1,3,4]
]

